index,rating
index_0,2.0
index_1,5.0
index_2,5.0
index_3,1.0
index_4,4.0
index_5,4.0
index_6,4.0
index_7,4.0
index_8,3.0
index_9,4.0
index_10,3.0
index_11,4.0
index_12,1.0
index_13,1.0
index_14,1.0
index_15,4.0
index_16,1.0
index_17,4.0
index_18,4.0
index_19,4.0
index_20,2.0
index_21,5.0
index_22,3.0
index_23,3.0
index_24,5.0
index_25,3.0
index_26,3.0
index_27,4.0
index_28,3.0
index_29,4.0
index_30,1.0
index_31,1.0
index_32,4.0
index_33,1.0
index_34,4.0
index_35,3.0
index_36,1.0
index_37,2.0
index_38,1.0
index_39,1.0
index_40,3.0
index_41,5.0
index_42,2.0
index_43,4.0
index_44,2.0
index_45,2.0
index_46,1.0
index_47,3.0
index_48,1.0
index_49,1.0
index_50,4.0
index_51,1.0
index_52,2.0
index_53,4.0
index_54,2.0
index_55,2.0
index_56,4.0
index_57,1.0
index_58,1.0
index_59,1.0
index_60,5.0
index_61,2.0
index_62,3.0
index_63,5.0
index_64,4.0
index_65,1.0
index_66,5.0
index_67,4.0
index_68,2.0
index_69,4.0
index_70,1.0
index_71,4.0
index_72,5.0
index_73,5.0
index_74,1.0
index_75,3.0
index_76,4.0
index_77,1.0
index_78,5.0
index_79,4.0
index_80,3.0
index_81,1.0
index_82,2.0
index_83,3.0
index_84,1.0
index_85,5.0
index_86,4.0
index_87,5.0
index_88,2.0
index_89,4.0
index_90,2.0
index_91,5.0
index_92,4.0
index_93,5.0
index_94,4.0
index_95,4.0
index_96,1.0
index_97,4.0
index_98,1.0
index_99,4.0
index_100,1.0
index_101,1.0
index_102,3.0
index_103,1.0
index_104,3.0
index_105,4.0
index_106,5.0
index_107,1.0
index_108,3.0
index_109,3.0
index_110,3.0
index_111,5.0
index_112,4.0
index_113,3.0
index_114,3.0
index_115,2.0
index_116,1.0
index_117,3.0
index_118,5.0
index_119,5.0
index_120,1.0
index_121,1.0
index_122,5.0
index_123,5.0
index_124,3.0
index_125,2.0
index_126,1.0
index_127,1.0
index_128,5.0
index_129,4.0
index_130,1.0
index_131,4.0
index_132,5.0
index_133,4.0
index_134,1.0
index_135,1.0
index_136,2.0
index_137,3.0
index_138,2.0
index_139,1.0
index_140,3.0
index_141,1.0
index_142,2.0
index_143,2.0
index_144,2.0
index_145,1.0
index_146,5.0
index_147,5.0
index_148,1.0
index_149,3.0
index_150,1.0
index_151,2.0
index_152,5.0
index_153,5.0
index_154,1.0
index_155,5.0
index_156,5.0
index_157,4.0
index_158,5.0
index_159,2.0
index_160,1.0
index_161,4.0
index_162,5.0
index_163,3.0
index_164,2.0
index_165,2.0
index_166,5.0
index_167,1.0
index_168,1.0
index_169,3.0
index_170,3.0
index_171,4.0
index_172,5.0
index_173,5.0
index_174,5.0
index_175,4.0
index_176,3.0
index_177,3.0
index_178,1.0
index_179,2.0
index_180,4.0
index_181,5.0
index_182,4.0
index_183,1.0
index_184,5.0
index_185,2.0
index_186,1.0
index_187,2.0
index_188,5.0
index_189,5.0
index_190,5.0
index_191,5.0
index_192,1.0
index_193,1.0
index_194,3.0
index_195,1.0
index_196,5.0
index_197,5.0
index_198,1.0
index_199,5.0
index_200,2.0
index_201,4.0
index_202,4.0
index_203,3.0
index_204,1.0
index_205,2.0
index_206,1.0
index_207,3.0
index_208,4.0
index_209,1.0
index_210,2.0
index_211,5.0
index_212,4.0
index_213,2.0
index_214,4.0
index_215,2.0
index_216,1.0
index_217,1.0
index_218,2.0
index_219,5.0
index_220,4.0
index_221,2.0
index_222,1.0
index_223,3.0
index_224,5.0
index_225,1.0
index_226,5.0
index_227,3.0
index_228,5.0
index_229,4.0
index_230,5.0
index_231,3.0
index_232,1.0
index_233,5.0
index_234,2.0
index_235,1.0
index_236,5.0
index_237,2.0
index_238,5.0
index_239,5.0
index_240,3.0
index_241,2.0
index_242,2.0
index_243,2.0
index_244,2.0
index_245,5.0
index_246,1.0
index_247,3.0
index_248,1.0
index_249,1.0
index_250,4.0
index_251,2.0
index_252,1.0
index_253,1.0
index_254,3.0
index_255,2.0
index_256,4.0
index_257,5.0
index_258,1.0
index_259,2.0
index_260,1.0
index_261,3.0
index_262,4.0
index_263,3.0
index_264,3.0
index_265,2.0
index_266,4.0
index_267,3.0
index_268,3.0
index_269,1.0
index_270,5.0
index_271,5.0
index_272,4.0
index_273,1.0
index_274,2.0
index_275,2.0
index_276,4.0
index_277,5.0
index_278,3.0
index_279,2.0
index_280,5.0
index_281,4.0
index_282,1.0
index_283,5.0
index_284,5.0
index_285,5.0
index_286,3.0
index_287,5.0
index_288,1.0
index_289,1.0
index_290,1.0
index_291,4.0
index_292,4.0
index_293,5.0
index_294,2.0
index_295,1.0
index_296,2.0
index_297,4.0
index_298,5.0
index_299,5.0
index_300,3.0
index_301,1.0
index_302,5.0
index_303,4.0
index_304,2.0
index_305,2.0
index_306,2.0
index_307,1.0
index_308,5.0
index_309,5.0
index_310,2.0
index_311,1.0
index_312,5.0
index_313,2.0
index_314,5.0
index_315,1.0
index_316,1.0
index_317,3.0
index_318,3.0
index_319,1.0
index_320,2.0
index_321,5.0
index_322,4.0
index_323,4.0
index_324,4.0
index_325,1.0
index_326,2.0
index_327,5.0
index_328,3.0
index_329,1.0
index_330,3.0
index_331,5.0
index_332,2.0
index_333,5.0
index_334,1.0
index_335,5.0
index_336,2.0
index_337,4.0
index_338,3.0
index_339,5.0
index_340,3.0
index_341,5.0
index_342,3.0
index_343,4.0
index_344,2.0
index_345,5.0
index_346,3.0
index_347,2.0
index_348,3.0
index_349,4.0
index_350,2.0
index_351,5.0
index_352,2.0
index_353,2.0
index_354,4.0
index_355,5.0
index_356,1.0
index_357,3.0
index_358,5.0
index_359,2.0
index_360,1.0
index_361,3.0
index_362,3.0
index_363,2.0
index_364,2.0
index_365,3.0
index_366,1.0
index_367,3.0
index_368,4.0
index_369,5.0
index_370,5.0
index_371,1.0
index_372,5.0
index_373,4.0
index_374,2.0
index_375,5.0
index_376,5.0
index_377,3.0
index_378,1.0
index_379,1.0
index_380,3.0
index_381,2.0
index_382,3.0
index_383,5.0
index_384,1.0
index_385,3.0
index_386,1.0
index_387,5.0
index_388,1.0
index_389,4.0
index_390,4.0
index_391,2.0
index_392,2.0
index_393,2.0
index_394,5.0
index_395,5.0
index_396,4.0
index_397,3.0
index_398,4.0
index_399,5.0
index_400,2.0
index_401,3.0
index_402,1.0
index_403,1.0
index_404,1.0
index_405,3.0
index_406,1.0
index_407,3.0
index_408,2.0
index_409,4.0
index_410,1.0
index_411,3.0
index_412,3.0
index_413,1.0
index_414,2.0
index_415,2.0
index_416,4.0
index_417,5.0
index_418,5.0
index_419,4.0
index_420,3.0
index_421,3.0
index_422,2.0
index_423,4.0
index_424,5.0
index_425,1.0
index_426,2.0
index_427,3.0
index_428,3.0
index_429,2.0
index_430,1.0
index_431,4.0
index_432,1.0
index_433,3.0
index_434,2.0
index_435,3.0
index_436,3.0
index_437,3.0
index_438,3.0
index_439,1.0
index_440,2.0
index_441,5.0
index_442,4.0
index_443,5.0
index_444,4.0
index_445,3.0
index_446,4.0
index_447,1.0
index_448,2.0
index_449,1.0
index_450,4.0
index_451,2.0
index_452,4.0
index_453,5.0
index_454,2.0
index_455,2.0
index_456,2.0
index_457,3.0
index_458,1.0
index_459,3.0
index_460,4.0
index_461,3.0
index_462,1.0
index_463,1.0
index_464,1.0
index_465,5.0
index_466,3.0
index_467,5.0
index_468,1.0
index_469,2.0
index_470,2.0
index_471,4.0
index_472,3.0
index_473,3.0
index_474,5.0
index_475,2.0
index_476,3.0
index_477,2.0
index_478,3.0
index_479,4.0
index_480,1.0
index_481,3.0
index_482,5.0
index_483,1.0
index_484,4.0
index_485,1.0
index_486,3.0
index_487,4.0
index_488,1.0
index_489,2.0
index_490,4.0
index_491,1.0
index_492,1.0
index_493,3.0
index_494,4.0
index_495,4.0
index_496,3.0
index_497,5.0
index_498,5.0
index_499,1.0
index_500,1.0
index_501,3.0
index_502,1.0
index_503,3.0
index_504,2.0
index_505,4.0
index_506,4.0
index_507,4.0
index_508,2.0
index_509,1.0
index_510,5.0
index_511,3.0
index_512,5.0
index_513,4.0
index_514,2.0
index_515,1.0
index_516,4.0
index_517,2.0
index_518,1.0
index_519,5.0
index_520,3.0
index_521,5.0
index_522,2.0
index_523,4.0
index_524,4.0
index_525,1.0
index_526,5.0
index_527,2.0
index_528,3.0
index_529,5.0
index_530,2.0
index_531,2.0
index_532,5.0
index_533,4.0
index_534,3.0
index_535,1.0
index_536,5.0
index_537,4.0
index_538,1.0
index_539,2.0
index_540,1.0
index_541,4.0
index_542,3.0
index_543,4.0
index_544,5.0
index_545,1.0
index_546,4.0
index_547,2.0
index_548,5.0
index_549,3.0
index_550,2.0
index_551,4.0
index_552,4.0
index_553,5.0
index_554,4.0
index_555,5.0
index_556,5.0
index_557,4.0
index_558,4.0
index_559,4.0
index_560,3.0
index_561,2.0
index_562,3.0
index_563,2.0
index_564,2.0
index_565,5.0
index_566,5.0
index_567,3.0
index_568,3.0
index_569,1.0
index_570,1.0
index_571,5.0
index_572,3.0
index_573,3.0
index_574,5.0
index_575,2.0
index_576,1.0
index_577,3.0
index_578,2.0
index_579,1.0
index_580,3.0
index_581,1.0
index_582,2.0
index_583,2.0
index_584,4.0
index_585,3.0
index_586,5.0
index_587,3.0
index_588,5.0
index_589,5.0
index_590,5.0
index_591,2.0
index_592,2.0
index_593,2.0
index_594,5.0
index_595,1.0
index_596,1.0
index_597,2.0
index_598,4.0
index_599,1.0
index_600,2.0
index_601,5.0
index_602,5.0
index_603,3.0
index_604,2.0
index_605,2.0
index_606,3.0
index_607,4.0
index_608,5.0
index_609,5.0
index_610,2.0
index_611,5.0
index_612,3.0
index_613,1.0
index_614,1.0
index_615,5.0
index_616,1.0
index_617,1.0
index_618,3.0
index_619,3.0
index_620,5.0
index_621,1.0
index_622,1.0
index_623,1.0
index_624,5.0
index_625,1.0
index_626,3.0
index_627,3.0
index_628,1.0
index_629,1.0
index_630,3.0
index_631,1.0
index_632,4.0
index_633,1.0
index_634,1.0
index_635,1.0
index_636,5.0
index_637,1.0
index_638,4.0
index_639,3.0
index_640,3.0
index_641,1.0
index_642,1.0
index_643,5.0
index_644,2.0
index_645,4.0
index_646,4.0
index_647,3.0
index_648,3.0
index_649,5.0
index_650,5.0
index_651,1.0
index_652,2.0
index_653,4.0
index_654,4.0
index_655,3.0
index_656,5.0
index_657,5.0
index_658,4.0
index_659,2.0
index_660,2.0
index_661,5.0
index_662,1.0
index_663,2.0
index_664,1.0
index_665,5.0
index_666,5.0
index_667,2.0
index_668,4.0
index_669,4.0
index_670,1.0
index_671,3.0
index_672,2.0
index_673,5.0
index_674,4.0
index_675,2.0
index_676,4.0
index_677,2.0
index_678,5.0
index_679,2.0
index_680,1.0
index_681,2.0
index_682,1.0
index_683,3.0
index_684,2.0
index_685,1.0
index_686,1.0
index_687,1.0
index_688,2.0
index_689,5.0
index_690,3.0
index_691,5.0
index_692,5.0
index_693,1.0
index_694,4.0
index_695,1.0
index_696,1.0
index_697,5.0
index_698,5.0
index_699,1.0
index_700,3.0
index_701,1.0
index_702,1.0
index_703,4.0
index_704,3.0
index_705,5.0
index_706,2.0
index_707,2.0
index_708,1.0
index_709,2.0
index_710,3.0
index_711,3.0
index_712,4.0
index_713,2.0
index_714,2.0
index_715,1.0
index_716,5.0
index_717,2.0
index_718,1.0
index_719,1.0
index_720,1.0
index_721,4.0
index_722,1.0
index_723,2.0
index_724,2.0
index_725,4.0
index_726,2.0
index_727,5.0
index_728,4.0
index_729,2.0
index_730,2.0
index_731,2.0
index_732,4.0
index_733,1.0
index_734,1.0
index_735,4.0
index_736,3.0
index_737,4.0
index_738,4.0
index_739,5.0
index_740,4.0
index_741,2.0
index_742,3.0
index_743,4.0
index_744,5.0
index_745,1.0
index_746,3.0
index_747,2.0
index_748,2.0
index_749,3.0
index_750,5.0
index_751,1.0
index_752,2.0
index_753,3.0
index_754,5.0
index_755,5.0
index_756,1.0
index_757,5.0
index_758,4.0
index_759,3.0
index_760,1.0
index_761,5.0
index_762,2.0
index_763,1.0
index_764,5.0
index_765,5.0
index_766,5.0
index_767,5.0
index_768,4.0
index_769,1.0
index_770,3.0
index_771,4.0
index_772,1.0
index_773,2.0
index_774,4.0
index_775,4.0
index_776,1.0
index_777,4.0
index_778,2.0
index_779,3.0
index_780,3.0
index_781,1.0
index_782,2.0
index_783,3.0
index_784,2.0
index_785,2.0
index_786,1.0
index_787,3.0
index_788,1.0
index_789,1.0
index_790,5.0
index_791,1.0
index_792,5.0
index_793,1.0
index_794,2.0
index_795,1.0
index_796,2.0
index_797,3.0
index_798,4.0
index_799,1.0
index_800,5.0
index_801,1.0
index_802,2.0
index_803,3.0
index_804,4.0
index_805,3.0
index_806,2.0
index_807,5.0
index_808,1.0
index_809,4.0
index_810,1.0
index_811,2.0
index_812,4.0
index_813,1.0
index_814,2.0
index_815,1.0
index_816,2.0
index_817,1.0
index_818,4.0
index_819,2.0
index_820,3.0
index_821,2.0
index_822,5.0
index_823,3.0
index_824,3.0
index_825,3.0
index_826,2.0
index_827,2.0
index_828,5.0
index_829,4.0
index_830,4.0
index_831,4.0
index_832,3.0
index_833,4.0
index_834,4.0
index_835,2.0
index_836,5.0
index_837,3.0
index_838,2.0
index_839,5.0
index_840,5.0
index_841,4.0
index_842,4.0
index_843,3.0
index_844,5.0
index_845,3.0
index_846,3.0
index_847,5.0
index_848,1.0
index_849,2.0
index_850,5.0
index_851,5.0
index_852,1.0
index_853,1.0
index_854,2.0
index_855,1.0
index_856,1.0
index_857,2.0
index_858,1.0
index_859,4.0
index_860,4.0
index_861,4.0
index_862,5.0
index_863,2.0
index_864,5.0
index_865,4.0
index_866,2.0
index_867,2.0
index_868,1.0
index_869,1.0
index_870,5.0
index_871,4.0
index_872,2.0
index_873,3.0
index_874,2.0
index_875,3.0
index_876,2.0
index_877,2.0
index_878,5.0
index_879,3.0
index_880,3.0
index_881,3.0
index_882,3.0
index_883,4.0
index_884,5.0
index_885,4.0
index_886,3.0
index_887,4.0
index_888,2.0
index_889,5.0
index_890,2.0
index_891,3.0
index_892,2.0
index_893,3.0
index_894,3.0
index_895,1.0
index_896,4.0
index_897,5.0
index_898,1.0
index_899,1.0
index_900,1.0
index_901,2.0
index_902,2.0
index_903,3.0
index_904,5.0
index_905,1.0
index_906,5.0
index_907,1.0
index_908,4.0
index_909,1.0
index_910,4.0
index_911,3.0
index_912,5.0
index_913,5.0
index_914,1.0
index_915,4.0
index_916,4.0
index_917,1.0
index_918,1.0
index_919,5.0
index_920,5.0
index_921,5.0
index_922,3.0
index_923,1.0
index_924,5.0
index_925,5.0
index_926,5.0
index_927,1.0
index_928,3.0
index_929,3.0
index_930,1.0
index_931,1.0
index_932,4.0
index_933,2.0
index_934,5.0
index_935,3.0
index_936,1.0
index_937,3.0
index_938,3.0
index_939,4.0
index_940,4.0
index_941,4.0
index_942,2.0
index_943,2.0
index_944,3.0
index_945,1.0
index_946,3.0
index_947,2.0
index_948,2.0
index_949,3.0
index_950,1.0
index_951,5.0
index_952,1.0
index_953,1.0
index_954,4.0
index_955,1.0
index_956,4.0
index_957,3.0
index_958,4.0
index_959,1.0
index_960,3.0
index_961,4.0
index_962,4.0
index_963,3.0
index_964,1.0
index_965,3.0
index_966,5.0
index_967,5.0
index_968,3.0
index_969,1.0
index_970,1.0
index_971,1.0
index_972,5.0
index_973,2.0
index_974,4.0
index_975,4.0
index_976,1.0
index_977,3.0
index_978,2.0
index_979,1.0
index_980,2.0
index_981,5.0
index_982,2.0
index_983,3.0
index_984,1.0
index_985,3.0
index_986,1.0
index_987,4.0
index_988,2.0
index_989,5.0
index_990,4.0
index_991,3.0
index_992,3.0
index_993,4.0
index_994,4.0
index_995,5.0
index_996,5.0
index_997,2.0
index_998,4.0
index_999,1.0
index_1000,3.0
index_1001,5.0
index_1002,3.0
index_1003,3.0
index_1004,1.0
index_1005,4.0
index_1006,5.0
index_1007,3.0
index_1008,3.0
index_1009,1.0
index_1010,1.0
index_1011,4.0
index_1012,1.0
index_1013,3.0
index_1014,2.0
index_1015,2.0
index_1016,4.0
index_1017,4.0
index_1018,1.0
index_1019,4.0
index_1020,4.0
index_1021,5.0
index_1022,5.0
index_1023,3.0
index_1024,3.0
index_1025,3.0
index_1026,3.0
index_1027,1.0
index_1028,4.0
index_1029,5.0
index_1030,2.0
index_1031,1.0
index_1032,1.0
index_1033,1.0
index_1034,1.0
index_1035,4.0
index_1036,3.0
index_1037,4.0
index_1038,2.0
index_1039,4.0
index_1040,5.0
index_1041,3.0
index_1042,3.0
index_1043,1.0
index_1044,5.0
index_1045,3.0
index_1046,4.0
index_1047,5.0
index_1048,5.0
index_1049,4.0
index_1050,1.0
index_1051,3.0
index_1052,4.0
index_1053,5.0
index_1054,1.0
index_1055,2.0
index_1056,2.0
index_1057,1.0
index_1058,1.0
index_1059,1.0
index_1060,3.0
index_1061,1.0
index_1062,5.0
index_1063,5.0
index_1064,3.0
index_1065,3.0
index_1066,1.0
index_1067,2.0
index_1068,1.0
index_1069,2.0
index_1070,3.0
index_1071,2.0
index_1072,5.0
index_1073,2.0
index_1074,5.0
index_1075,4.0
index_1076,2.0
index_1077,3.0
index_1078,1.0
index_1079,1.0
index_1080,5.0
index_1081,3.0
index_1082,1.0
index_1083,3.0
index_1084,2.0
index_1085,2.0
index_1086,1.0
index_1087,4.0
index_1088,2.0
index_1089,3.0
index_1090,2.0
index_1091,2.0
index_1092,4.0
index_1093,4.0
index_1094,2.0
index_1095,5.0
index_1096,4.0
index_1097,2.0
index_1098,1.0
index_1099,2.0
index_1100,2.0
index_1101,3.0
index_1102,1.0
index_1103,1.0
index_1104,3.0
index_1105,4.0
index_1106,5.0
index_1107,1.0
index_1108,5.0
index_1109,4.0
index_1110,3.0
index_1111,3.0
index_1112,2.0
index_1113,4.0
index_1114,2.0
index_1115,4.0
index_1116,1.0
index_1117,4.0
index_1118,4.0
index_1119,1.0
index_1120,4.0
index_1121,1.0
index_1122,3.0
index_1123,5.0
index_1124,5.0
index_1125,4.0
index_1126,1.0
index_1127,1.0
index_1128,5.0
index_1129,5.0
index_1130,3.0
index_1131,3.0
index_1132,3.0
index_1133,5.0
index_1134,4.0
index_1135,2.0
index_1136,3.0
index_1137,5.0
index_1138,5.0
index_1139,5.0
index_1140,2.0
index_1141,5.0
index_1142,4.0
index_1143,3.0
index_1144,2.0
index_1145,5.0
index_1146,1.0
index_1147,5.0
index_1148,3.0
index_1149,4.0
index_1150,4.0
index_1151,5.0
index_1152,5.0
index_1153,4.0
index_1154,4.0
index_1155,4.0
index_1156,2.0
index_1157,3.0
index_1158,3.0
index_1159,4.0
index_1160,4.0
index_1161,4.0
index_1162,2.0
index_1163,4.0
index_1164,1.0
index_1165,1.0
index_1166,3.0
index_1167,5.0
index_1168,3.0
index_1169,1.0
index_1170,2.0
index_1171,1.0
index_1172,5.0
index_1173,4.0
index_1174,5.0
index_1175,5.0
index_1176,3.0
index_1177,1.0
index_1178,5.0
index_1179,2.0
index_1180,1.0
index_1181,4.0
index_1182,4.0
index_1183,2.0
index_1184,2.0
index_1185,4.0
index_1186,3.0
index_1187,5.0
index_1188,4.0
index_1189,1.0
index_1190,4.0
index_1191,1.0
index_1192,3.0
index_1193,5.0
index_1194,3.0
index_1195,3.0
index_1196,4.0
index_1197,3.0
index_1198,3.0
index_1199,3.0
index_1200,3.0
index_1201,2.0
index_1202,2.0
index_1203,3.0
index_1204,2.0
index_1205,3.0
index_1206,4.0
index_1207,5.0
index_1208,4.0
index_1209,3.0
index_1210,3.0
index_1211,5.0
index_1212,3.0
index_1213,3.0
index_1214,4.0
index_1215,5.0
index_1216,4.0
index_1217,2.0
index_1218,1.0
index_1219,3.0
index_1220,2.0
index_1221,2.0
index_1222,3.0
index_1223,5.0
index_1224,5.0
index_1225,1.0
index_1226,2.0
index_1227,4.0
index_1228,4.0
index_1229,5.0
index_1230,3.0
index_1231,5.0
index_1232,2.0
index_1233,2.0
index_1234,4.0
index_1235,1.0
index_1236,5.0
index_1237,2.0
index_1238,5.0
index_1239,1.0
index_1240,4.0
index_1241,5.0
index_1242,5.0
index_1243,1.0
index_1244,3.0
index_1245,5.0
index_1246,3.0
index_1247,3.0
index_1248,5.0
index_1249,3.0
index_1250,5.0
index_1251,5.0
index_1252,1.0
index_1253,5.0
index_1254,1.0
index_1255,1.0
index_1256,3.0
index_1257,4.0
index_1258,1.0
index_1259,2.0
index_1260,1.0
index_1261,2.0
index_1262,4.0
index_1263,4.0
index_1264,2.0
index_1265,3.0
index_1266,3.0
index_1267,4.0
index_1268,3.0
index_1269,1.0
index_1270,4.0
index_1271,1.0
index_1272,5.0
index_1273,1.0
index_1274,5.0
index_1275,3.0
index_1276,2.0
index_1277,3.0
index_1278,4.0
index_1279,4.0
index_1280,2.0
index_1281,1.0
index_1282,1.0
index_1283,1.0
index_1284,2.0
index_1285,5.0
index_1286,3.0
index_1287,1.0
index_1288,3.0
index_1289,1.0
index_1290,2.0
index_1291,5.0
index_1292,1.0
index_1293,4.0
index_1294,2.0
index_1295,2.0
index_1296,1.0
index_1297,3.0
index_1298,1.0
index_1299,3.0
index_1300,3.0
index_1301,2.0
index_1302,1.0
index_1303,4.0
index_1304,2.0
index_1305,4.0
index_1306,2.0
index_1307,1.0
index_1308,3.0
index_1309,5.0
index_1310,3.0
index_1311,1.0
index_1312,5.0
index_1313,5.0
index_1314,3.0
index_1315,2.0
index_1316,3.0
index_1317,3.0
index_1318,4.0
index_1319,4.0
index_1320,3.0
index_1321,3.0
index_1322,2.0
index_1323,4.0
index_1324,2.0
index_1325,5.0
index_1326,5.0
index_1327,4.0
index_1328,3.0
index_1329,2.0
index_1330,2.0
index_1331,2.0
index_1332,5.0
index_1333,3.0
index_1334,1.0
index_1335,1.0
index_1336,4.0
index_1337,5.0
index_1338,3.0
index_1339,5.0
index_1340,4.0
index_1341,3.0
index_1342,2.0
index_1343,3.0
index_1344,3.0
index_1345,3.0
index_1346,2.0
index_1347,5.0
index_1348,5.0
index_1349,2.0
index_1350,3.0
index_1351,4.0
index_1352,1.0
index_1353,3.0
index_1354,2.0
index_1355,4.0
index_1356,5.0
index_1357,1.0
index_1358,3.0
index_1359,5.0
index_1360,2.0
index_1361,1.0
index_1362,3.0
index_1363,3.0
index_1364,2.0
index_1365,2.0
index_1366,3.0
index_1367,4.0
index_1368,3.0
index_1369,1.0
index_1370,2.0
index_1371,4.0
index_1372,5.0
index_1373,1.0
index_1374,4.0
index_1375,1.0
index_1376,5.0
index_1377,4.0
index_1378,1.0
index_1379,2.0
index_1380,1.0
index_1381,2.0
index_1382,4.0
index_1383,3.0
index_1384,3.0
index_1385,4.0
index_1386,1.0
index_1387,1.0
index_1388,2.0
index_1389,1.0
index_1390,2.0
index_1391,5.0
index_1392,1.0
index_1393,4.0
index_1394,4.0
index_1395,1.0
index_1396,2.0
index_1397,5.0
index_1398,4.0
index_1399,3.0
index_1400,3.0
index_1401,3.0
index_1402,3.0
index_1403,4.0
index_1404,3.0
index_1405,1.0
index_1406,5.0
index_1407,5.0
index_1408,5.0
index_1409,3.0
index_1410,5.0
index_1411,1.0
index_1412,1.0
index_1413,3.0
index_1414,1.0
index_1415,5.0
index_1416,3.0
index_1417,1.0
index_1418,2.0
index_1419,2.0
index_1420,5.0
index_1421,4.0
index_1422,2.0
index_1423,5.0
index_1424,3.0
index_1425,5.0
index_1426,5.0
index_1427,2.0
index_1428,4.0
index_1429,2.0
index_1430,2.0
index_1431,2.0
index_1432,1.0
index_1433,4.0
index_1434,3.0
index_1435,1.0
index_1436,2.0
index_1437,5.0
index_1438,2.0
index_1439,3.0
index_1440,4.0
index_1441,5.0
index_1442,3.0
index_1443,1.0
index_1444,1.0
index_1445,2.0
index_1446,2.0
index_1447,5.0
index_1448,1.0
index_1449,3.0
index_1450,1.0
index_1451,1.0
index_1452,1.0
index_1453,3.0
index_1454,2.0
index_1455,5.0
index_1456,5.0
index_1457,3.0
index_1458,1.0
index_1459,1.0
index_1460,2.0
index_1461,1.0
index_1462,1.0
index_1463,1.0
index_1464,1.0
index_1465,2.0
index_1466,5.0
index_1467,2.0
index_1468,2.0
index_1469,5.0
index_1470,4.0
index_1471,3.0
index_1472,3.0
index_1473,4.0
index_1474,4.0
index_1475,4.0
index_1476,2.0
index_1477,1.0
index_1478,5.0
index_1479,5.0
index_1480,1.0
index_1481,3.0
index_1482,1.0
index_1483,1.0
index_1484,1.0
index_1485,1.0
index_1486,5.0
index_1487,1.0
index_1488,2.0
index_1489,4.0
index_1490,4.0
index_1491,1.0
index_1492,1.0
index_1493,2.0
index_1494,4.0
index_1495,1.0
index_1496,2.0
index_1497,4.0
index_1498,1.0
index_1499,5.0
index_1500,2.0
index_1501,4.0
index_1502,2.0
index_1503,3.0
index_1504,5.0
index_1505,4.0
index_1506,1.0
index_1507,5.0
index_1508,1.0
index_1509,2.0
index_1510,1.0
index_1511,2.0
index_1512,5.0
index_1513,4.0
index_1514,2.0
index_1515,1.0
index_1516,1.0
index_1517,2.0
index_1518,1.0
index_1519,4.0
index_1520,1.0
index_1521,4.0
index_1522,5.0
index_1523,3.0
index_1524,5.0
index_1525,4.0
index_1526,4.0
index_1527,1.0
index_1528,3.0
index_1529,2.0
index_1530,1.0
index_1531,5.0
index_1532,5.0
index_1533,1.0
index_1534,5.0
index_1535,2.0
index_1536,3.0
index_1537,4.0
index_1538,5.0
index_1539,5.0
index_1540,4.0
index_1541,1.0
index_1542,2.0
index_1543,1.0
index_1544,1.0
index_1545,3.0
index_1546,3.0
index_1547,4.0
index_1548,1.0
index_1549,4.0
index_1550,5.0
index_1551,1.0
index_1552,4.0
index_1553,4.0
index_1554,3.0
index_1555,5.0
index_1556,4.0
index_1557,4.0
index_1558,1.0
index_1559,3.0
index_1560,3.0
index_1561,2.0
index_1562,3.0
index_1563,3.0
index_1564,4.0
index_1565,1.0
index_1566,5.0
index_1567,5.0
index_1568,4.0
index_1569,2.0
index_1570,5.0
index_1571,4.0
index_1572,5.0
index_1573,2.0
index_1574,2.0
index_1575,3.0
index_1576,2.0
index_1577,4.0
index_1578,5.0
index_1579,4.0
index_1580,3.0
index_1581,3.0
index_1582,2.0
index_1583,5.0
index_1584,4.0
index_1585,2.0
index_1586,1.0
index_1587,4.0
index_1588,3.0
index_1589,3.0
index_1590,3.0
index_1591,1.0
index_1592,2.0
index_1593,1.0
index_1594,3.0
index_1595,5.0
index_1596,3.0
index_1597,3.0
index_1598,1.0
index_1599,1.0
index_1600,5.0
index_1601,2.0
index_1602,4.0
index_1603,1.0
index_1604,1.0
index_1605,4.0
index_1606,2.0
index_1607,5.0
index_1608,4.0
index_1609,2.0
index_1610,1.0
index_1611,5.0
index_1612,3.0
index_1613,5.0
index_1614,4.0
index_1615,2.0
index_1616,2.0
index_1617,5.0
index_1618,2.0
index_1619,3.0
index_1620,4.0
index_1621,3.0
index_1622,5.0
index_1623,2.0
index_1624,5.0
index_1625,1.0
index_1626,2.0
index_1627,1.0
index_1628,2.0
index_1629,4.0
index_1630,3.0
index_1631,1.0
index_1632,3.0
index_1633,4.0
index_1634,3.0
index_1635,1.0
index_1636,1.0
index_1637,4.0
index_1638,3.0
index_1639,4.0
index_1640,2.0
index_1641,1.0
index_1642,1.0
index_1643,2.0
index_1644,4.0
index_1645,1.0
index_1646,1.0
index_1647,5.0
index_1648,3.0
index_1649,3.0
index_1650,5.0
index_1651,1.0
index_1652,1.0
index_1653,4.0
index_1654,5.0
index_1655,1.0
index_1656,3.0
index_1657,2.0
index_1658,5.0
index_1659,3.0
index_1660,2.0
index_1661,1.0
index_1662,1.0
index_1663,5.0
index_1664,2.0
index_1665,1.0
index_1666,1.0
index_1667,3.0
index_1668,5.0
index_1669,2.0
index_1670,4.0
index_1671,2.0
index_1672,5.0
index_1673,4.0
index_1674,3.0
index_1675,2.0
index_1676,1.0
index_1677,3.0
index_1678,5.0
index_1679,4.0
index_1680,1.0
index_1681,3.0
index_1682,1.0
index_1683,3.0
index_1684,1.0
index_1685,1.0
index_1686,1.0
index_1687,2.0
index_1688,5.0
index_1689,3.0
index_1690,5.0
index_1691,3.0
index_1692,3.0
index_1693,2.0
index_1694,3.0
index_1695,2.0
index_1696,4.0
index_1697,5.0
index_1698,5.0
index_1699,5.0
index_1700,2.0
index_1701,5.0
index_1702,2.0
index_1703,1.0
index_1704,3.0
index_1705,3.0
index_1706,2.0
index_1707,5.0
index_1708,4.0
index_1709,1.0
index_1710,5.0
index_1711,5.0
index_1712,5.0
index_1713,3.0
index_1714,5.0
index_1715,5.0
index_1716,1.0
index_1717,2.0
index_1718,1.0
index_1719,3.0
index_1720,2.0
index_1721,4.0
index_1722,5.0
index_1723,4.0
index_1724,1.0
index_1725,2.0
index_1726,1.0
index_1727,3.0
index_1728,3.0
index_1729,3.0
index_1730,3.0
index_1731,1.0
index_1732,1.0
index_1733,3.0
index_1734,5.0
index_1735,3.0
index_1736,3.0
index_1737,5.0
index_1738,4.0
index_1739,4.0
index_1740,1.0
index_1741,4.0
index_1742,2.0
index_1743,2.0
index_1744,5.0
index_1745,2.0
index_1746,3.0
index_1747,4.0
index_1748,5.0
index_1749,3.0
index_1750,1.0
index_1751,5.0
index_1752,1.0
index_1753,2.0
index_1754,1.0
index_1755,5.0
index_1756,4.0
index_1757,1.0
index_1758,3.0
index_1759,4.0
index_1760,1.0
index_1761,4.0
index_1762,3.0
index_1763,2.0
index_1764,5.0
index_1765,2.0
index_1766,2.0
index_1767,4.0
index_1768,4.0
index_1769,1.0
index_1770,3.0
index_1771,3.0
index_1772,3.0
index_1773,3.0
index_1774,2.0
index_1775,5.0
index_1776,1.0
index_1777,2.0
index_1778,2.0
index_1779,2.0
index_1780,1.0
index_1781,3.0
index_1782,3.0
index_1783,4.0
index_1784,2.0
index_1785,4.0
index_1786,5.0
index_1787,4.0
index_1788,5.0
index_1789,2.0
index_1790,2.0
index_1791,2.0
index_1792,2.0
index_1793,5.0
index_1794,1.0
index_1795,5.0
index_1796,1.0
index_1797,2.0
index_1798,1.0
index_1799,5.0
index_1800,3.0
index_1801,2.0
index_1802,2.0
index_1803,3.0
index_1804,5.0
index_1805,2.0
index_1806,3.0
index_1807,2.0
index_1808,2.0
index_1809,5.0
index_1810,3.0
index_1811,3.0
index_1812,4.0
index_1813,1.0
index_1814,5.0
index_1815,2.0
index_1816,2.0
index_1817,5.0
index_1818,2.0
index_1819,4.0
index_1820,3.0
index_1821,1.0
index_1822,3.0
index_1823,5.0
index_1824,3.0
index_1825,4.0
index_1826,2.0
index_1827,4.0
index_1828,4.0
index_1829,1.0
index_1830,2.0
index_1831,3.0
index_1832,2.0
index_1833,5.0
index_1834,2.0
index_1835,4.0
index_1836,4.0
index_1837,1.0
index_1838,5.0
index_1839,3.0
index_1840,3.0
index_1841,2.0
index_1842,5.0
index_1843,1.0
index_1844,2.0
index_1845,5.0
index_1846,3.0
index_1847,2.0
index_1848,2.0
index_1849,3.0
index_1850,5.0
index_1851,4.0
index_1852,2.0
index_1853,3.0
index_1854,5.0
index_1855,3.0
index_1856,4.0
index_1857,2.0
index_1858,1.0
index_1859,5.0
index_1860,1.0
index_1861,2.0
index_1862,1.0
index_1863,4.0
index_1864,3.0
index_1865,4.0
index_1866,1.0
index_1867,2.0
index_1868,3.0
index_1869,1.0
index_1870,5.0
index_1871,5.0
index_1872,2.0
index_1873,1.0
index_1874,1.0
index_1875,5.0
index_1876,1.0
index_1877,3.0
index_1878,5.0
index_1879,5.0
index_1880,3.0
index_1881,3.0
index_1882,4.0
index_1883,3.0
index_1884,4.0
index_1885,2.0
index_1886,5.0
index_1887,2.0
index_1888,2.0
index_1889,1.0
index_1890,1.0
index_1891,1.0
index_1892,2.0
index_1893,2.0
index_1894,2.0
index_1895,2.0
index_1896,5.0
index_1897,3.0
index_1898,3.0
index_1899,3.0
index_1900,2.0
index_1901,2.0
index_1902,2.0
index_1903,3.0
index_1904,1.0
index_1905,5.0
index_1906,2.0
index_1907,1.0
index_1908,1.0
index_1909,5.0
index_1910,1.0
index_1911,3.0
index_1912,2.0
index_1913,4.0
index_1914,4.0
index_1915,5.0
index_1916,4.0
index_1917,4.0
index_1918,5.0
index_1919,3.0
index_1920,3.0
index_1921,3.0
index_1922,2.0
index_1923,4.0
index_1924,3.0
index_1925,2.0
index_1926,1.0
index_1927,5.0
index_1928,5.0
index_1929,1.0
index_1930,1.0
index_1931,5.0
index_1932,4.0
index_1933,3.0
index_1934,4.0
index_1935,3.0
index_1936,5.0
index_1937,4.0
index_1938,3.0
index_1939,4.0
index_1940,4.0
index_1941,2.0
index_1942,5.0
index_1943,1.0
index_1944,5.0
index_1945,1.0
index_1946,5.0
index_1947,5.0
index_1948,1.0
index_1949,3.0
index_1950,5.0
index_1951,5.0
index_1952,4.0
index_1953,5.0
index_1954,3.0
index_1955,3.0
index_1956,5.0
index_1957,4.0
index_1958,2.0
index_1959,5.0
index_1960,1.0
index_1961,1.0
index_1962,1.0
index_1963,5.0
index_1964,3.0
index_1965,2.0
index_1966,5.0
index_1967,5.0
index_1968,1.0
index_1969,5.0
index_1970,4.0
index_1971,3.0
index_1972,1.0
index_1973,3.0
index_1974,3.0
index_1975,5.0
index_1976,2.0
index_1977,2.0
index_1978,3.0
index_1979,1.0
index_1980,5.0
index_1981,5.0
index_1982,1.0
index_1983,3.0
index_1984,1.0
index_1985,2.0
index_1986,4.0
index_1987,2.0
index_1988,1.0
index_1989,1.0
index_1990,5.0
index_1991,3.0
index_1992,3.0
index_1993,1.0
index_1994,4.0
index_1995,3.0
index_1996,5.0
index_1997,2.0
index_1998,3.0
index_1999,5.0
index_2000,5.0
index_2001,4.0
index_2002,5.0
index_2003,1.0
index_2004,3.0
index_2005,2.0
index_2006,5.0
index_2007,5.0
index_2008,1.0
index_2009,2.0
index_2010,1.0
index_2011,1.0
index_2012,5.0
index_2013,4.0
index_2014,5.0
index_2015,1.0
index_2016,2.0
index_2017,1.0
index_2018,3.0
index_2019,2.0
index_2020,3.0
index_2021,3.0
index_2022,1.0
index_2023,2.0
index_2024,2.0
index_2025,5.0
index_2026,3.0
index_2027,2.0
index_2028,1.0
index_2029,1.0
index_2030,5.0
index_2031,4.0
index_2032,2.0
index_2033,5.0
index_2034,1.0
index_2035,1.0
index_2036,5.0
index_2037,3.0
index_2038,5.0
index_2039,3.0
index_2040,3.0
index_2041,4.0
index_2042,1.0
index_2043,1.0
index_2044,1.0
index_2045,2.0
index_2046,1.0
index_2047,2.0
index_2048,2.0
index_2049,3.0
index_2050,2.0
index_2051,3.0
index_2052,1.0
index_2053,1.0
index_2054,5.0
index_2055,2.0
index_2056,1.0
index_2057,5.0
index_2058,4.0
index_2059,3.0
index_2060,2.0
index_2061,1.0
index_2062,2.0
index_2063,4.0
index_2064,2.0
index_2065,3.0
index_2066,2.0
index_2067,3.0
index_2068,5.0
index_2069,5.0
index_2070,3.0
index_2071,2.0
index_2072,4.0
index_2073,2.0
index_2074,5.0
index_2075,1.0
index_2076,5.0
index_2077,5.0
index_2078,4.0
index_2079,4.0
index_2080,5.0
index_2081,3.0
index_2082,2.0
index_2083,4.0
index_2084,5.0
index_2085,2.0
index_2086,3.0
index_2087,5.0
index_2088,4.0
index_2089,4.0
index_2090,5.0
index_2091,2.0
index_2092,4.0
index_2093,5.0
index_2094,5.0
index_2095,5.0
index_2096,5.0
index_2097,1.0
index_2098,2.0
index_2099,1.0
index_2100,4.0
index_2101,1.0
index_2102,5.0
index_2103,3.0
index_2104,5.0
index_2105,1.0
index_2106,5.0
index_2107,5.0
index_2108,4.0
index_2109,5.0
index_2110,4.0
index_2111,5.0
index_2112,3.0
index_2113,1.0
index_2114,2.0
index_2115,3.0
index_2116,2.0
index_2117,2.0
index_2118,5.0
index_2119,5.0
index_2120,1.0
index_2121,2.0
index_2122,5.0
index_2123,1.0
index_2124,2.0
index_2125,2.0
index_2126,1.0
index_2127,4.0
index_2128,1.0
index_2129,2.0
index_2130,4.0
index_2131,5.0
index_2132,3.0
index_2133,5.0
index_2134,4.0
index_2135,5.0
index_2136,1.0
index_2137,2.0
index_2138,2.0
index_2139,3.0
index_2140,4.0
index_2141,5.0
index_2142,1.0
index_2143,5.0
index_2144,3.0
index_2145,2.0
index_2146,2.0
index_2147,2.0
index_2148,2.0
index_2149,5.0
index_2150,3.0
index_2151,1.0
index_2152,4.0
index_2153,3.0
index_2154,5.0
index_2155,1.0
index_2156,1.0
index_2157,3.0
index_2158,5.0
index_2159,3.0
index_2160,5.0
index_2161,4.0
index_2162,1.0
index_2163,1.0
index_2164,3.0
index_2165,3.0
index_2166,2.0
index_2167,2.0
index_2168,5.0
index_2169,3.0
index_2170,3.0
index_2171,5.0
index_2172,3.0
index_2173,5.0
index_2174,5.0
index_2175,4.0
index_2176,2.0
index_2177,3.0
index_2178,2.0
index_2179,3.0
index_2180,5.0
index_2181,2.0
index_2182,2.0
index_2183,3.0
index_2184,4.0
index_2185,3.0
index_2186,2.0
index_2187,4.0
index_2188,4.0
index_2189,1.0
index_2190,4.0
index_2191,3.0
index_2192,5.0
index_2193,4.0
index_2194,1.0
index_2195,1.0
index_2196,4.0
index_2197,5.0
index_2198,1.0
index_2199,5.0
index_2200,1.0
index_2201,5.0
index_2202,3.0
index_2203,3.0
index_2204,5.0
index_2205,4.0
index_2206,2.0
index_2207,2.0
index_2208,1.0
index_2209,1.0
index_2210,3.0
index_2211,5.0
index_2212,1.0
index_2213,5.0
index_2214,1.0
index_2215,1.0
index_2216,1.0
index_2217,3.0
index_2218,3.0
index_2219,3.0
index_2220,1.0
index_2221,2.0
index_2222,4.0
index_2223,4.0
index_2224,2.0
index_2225,5.0
index_2226,1.0
index_2227,2.0
index_2228,3.0
index_2229,1.0
index_2230,1.0
index_2231,5.0
index_2232,5.0
index_2233,3.0
index_2234,3.0
index_2235,5.0
index_2236,5.0
index_2237,2.0
index_2238,2.0
index_2239,1.0
index_2240,2.0
index_2241,4.0
index_2242,3.0
index_2243,4.0
index_2244,4.0
index_2245,1.0
index_2246,3.0
index_2247,2.0
index_2248,1.0
index_2249,5.0
index_2250,4.0
index_2251,4.0
index_2252,5.0
index_2253,5.0
index_2254,1.0
index_2255,3.0
index_2256,4.0
index_2257,4.0
index_2258,5.0
index_2259,5.0
index_2260,4.0
index_2261,5.0
index_2262,1.0
index_2263,4.0
index_2264,1.0
index_2265,3.0
index_2266,2.0
index_2267,1.0
index_2268,5.0
index_2269,1.0
index_2270,5.0
index_2271,4.0
index_2272,2.0
index_2273,3.0
index_2274,4.0
index_2275,1.0
index_2276,1.0
index_2277,5.0
index_2278,3.0
index_2279,4.0
index_2280,4.0
index_2281,2.0
index_2282,3.0
index_2283,1.0
index_2284,5.0
index_2285,3.0
index_2286,5.0
index_2287,5.0
index_2288,5.0
index_2289,5.0
index_2290,4.0
index_2291,5.0
index_2292,2.0
index_2293,5.0
index_2294,5.0
index_2295,5.0
index_2296,1.0
index_2297,1.0
index_2298,2.0
index_2299,2.0
index_2300,3.0
index_2301,3.0
index_2302,5.0
index_2303,5.0
index_2304,4.0
index_2305,3.0
index_2306,2.0
index_2307,3.0
index_2308,1.0
index_2309,4.0
index_2310,2.0
index_2311,4.0
index_2312,1.0
index_2313,4.0
index_2314,4.0
index_2315,2.0
index_2316,2.0
index_2317,4.0
index_2318,5.0
index_2319,1.0
index_2320,4.0
index_2321,1.0
index_2322,2.0
index_2323,3.0
index_2324,5.0
index_2325,5.0
index_2326,3.0
index_2327,2.0
index_2328,2.0
index_2329,5.0
index_2330,2.0
index_2331,2.0
index_2332,5.0
index_2333,1.0
index_2334,5.0
index_2335,2.0
index_2336,1.0
index_2337,5.0
index_2338,5.0
index_2339,2.0
index_2340,5.0
index_2341,3.0
index_2342,5.0
index_2343,5.0
index_2344,4.0
index_2345,3.0
index_2346,1.0
index_2347,1.0
index_2348,4.0
index_2349,2.0
index_2350,4.0
index_2351,2.0
index_2352,3.0
index_2353,5.0
index_2354,2.0
index_2355,2.0
index_2356,1.0
index_2357,1.0
index_2358,5.0
index_2359,1.0
index_2360,4.0
index_2361,5.0
index_2362,4.0
index_2363,4.0
index_2364,2.0
index_2365,3.0
index_2366,5.0
index_2367,1.0
index_2368,2.0
index_2369,2.0
index_2370,3.0
index_2371,3.0
index_2372,5.0
index_2373,1.0
index_2374,5.0
index_2375,3.0
index_2376,4.0
index_2377,5.0
index_2378,1.0
index_2379,3.0
index_2380,3.0
index_2381,1.0
index_2382,3.0
index_2383,3.0
index_2384,3.0
index_2385,1.0
index_2386,1.0
index_2387,1.0
index_2388,1.0
index_2389,1.0
index_2390,5.0
index_2391,4.0
index_2392,1.0
index_2393,1.0
index_2394,3.0
index_2395,3.0
index_2396,2.0
index_2397,3.0
index_2398,2.0
index_2399,3.0
index_2400,1.0
index_2401,2.0
index_2402,1.0
index_2403,4.0
index_2404,1.0
index_2405,5.0
index_2406,1.0
index_2407,2.0
index_2408,2.0
index_2409,4.0
index_2410,3.0
index_2411,3.0
index_2412,5.0
index_2413,5.0
index_2414,5.0
index_2415,5.0
index_2416,3.0
index_2417,3.0
index_2418,5.0
index_2419,1.0
index_2420,3.0
index_2421,4.0
index_2422,2.0
index_2423,2.0
index_2424,1.0
index_2425,4.0
index_2426,3.0
index_2427,3.0
index_2428,2.0
index_2429,4.0
index_2430,5.0
index_2431,4.0
index_2432,1.0
index_2433,1.0
index_2434,4.0
index_2435,3.0
index_2436,5.0
index_2437,5.0
index_2438,1.0
index_2439,3.0
index_2440,1.0
index_2441,1.0
index_2442,3.0
index_2443,4.0
index_2444,2.0
index_2445,1.0
index_2446,1.0
index_2447,1.0
index_2448,5.0
index_2449,5.0
index_2450,4.0
index_2451,5.0
index_2452,1.0
index_2453,5.0
index_2454,1.0
index_2455,2.0
index_2456,4.0
index_2457,3.0
index_2458,2.0
index_2459,3.0
index_2460,5.0
index_2461,2.0
index_2462,4.0
index_2463,2.0
index_2464,4.0
index_2465,5.0
index_2466,1.0
index_2467,2.0
index_2468,4.0
index_2469,2.0
index_2470,5.0
index_2471,3.0
index_2472,5.0
index_2473,1.0
index_2474,5.0
index_2475,1.0
index_2476,4.0
index_2477,1.0
index_2478,5.0
index_2479,1.0
index_2480,1.0
index_2481,2.0
index_2482,2.0
index_2483,1.0
index_2484,5.0
index_2485,1.0
index_2486,2.0
index_2487,5.0
index_2488,5.0
index_2489,1.0
index_2490,5.0
index_2491,5.0
index_2492,2.0
index_2493,4.0
index_2494,2.0
index_2495,1.0
index_2496,1.0
index_2497,2.0
index_2498,2.0
index_2499,2.0
index_2500,5.0
index_2501,5.0
index_2502,5.0
index_2503,3.0
index_2504,1.0
index_2505,3.0
index_2506,4.0
index_2507,1.0
index_2508,4.0
index_2509,1.0
index_2510,4.0
index_2511,5.0
index_2512,3.0
index_2513,1.0
index_2514,5.0
index_2515,5.0
index_2516,1.0
index_2517,3.0
index_2518,5.0
index_2519,1.0
index_2520,1.0
index_2521,1.0
index_2522,1.0
index_2523,5.0
index_2524,2.0
index_2525,5.0
index_2526,4.0
index_2527,2.0
index_2528,1.0
index_2529,1.0
index_2530,3.0
index_2531,2.0
index_2532,1.0
index_2533,3.0
index_2534,2.0
index_2535,4.0
index_2536,2.0
index_2537,5.0
index_2538,1.0
index_2539,1.0
index_2540,4.0
index_2541,1.0
index_2542,5.0
index_2543,3.0
index_2544,1.0
index_2545,3.0
index_2546,2.0
index_2547,3.0
index_2548,1.0
index_2549,1.0
index_2550,3.0
index_2551,2.0
index_2552,5.0
index_2553,1.0
index_2554,4.0
index_2555,5.0
index_2556,2.0
index_2557,5.0
index_2558,2.0
index_2559,2.0
index_2560,4.0
index_2561,5.0
index_2562,5.0
index_2563,5.0
index_2564,1.0
index_2565,5.0
index_2566,1.0
index_2567,5.0
index_2568,3.0
index_2569,3.0
index_2570,1.0
index_2571,5.0
index_2572,5.0
index_2573,5.0
index_2574,3.0
index_2575,1.0
index_2576,3.0
index_2577,1.0
index_2578,4.0
index_2579,2.0
index_2580,2.0
index_2581,1.0
index_2582,1.0
index_2583,4.0
index_2584,5.0
index_2585,2.0
index_2586,2.0
index_2587,5.0
index_2588,5.0
index_2589,5.0
index_2590,1.0
index_2591,2.0
index_2592,3.0
index_2593,4.0
index_2594,2.0
index_2595,3.0
index_2596,5.0
index_2597,2.0
index_2598,1.0
index_2599,5.0
index_2600,1.0
index_2601,1.0
index_2602,2.0
index_2603,3.0
index_2604,5.0
index_2605,3.0
index_2606,5.0
index_2607,1.0
index_2608,1.0
index_2609,2.0
index_2610,3.0
index_2611,5.0
index_2612,2.0
index_2613,5.0
index_2614,3.0
index_2615,4.0
index_2616,4.0
index_2617,3.0
index_2618,3.0
index_2619,5.0
index_2620,2.0
index_2621,3.0
index_2622,5.0
index_2623,5.0
index_2624,1.0
index_2625,3.0
index_2626,3.0
index_2627,1.0
index_2628,4.0
index_2629,1.0
index_2630,2.0
index_2631,2.0
index_2632,1.0
index_2633,4.0
index_2634,2.0
index_2635,2.0
index_2636,4.0
index_2637,4.0
index_2638,4.0
index_2639,5.0
index_2640,1.0
index_2641,3.0
index_2642,1.0
index_2643,3.0
index_2644,2.0
index_2645,5.0
index_2646,4.0
index_2647,2.0
index_2648,2.0
index_2649,5.0
index_2650,4.0
index_2651,4.0
index_2652,2.0
index_2653,3.0
index_2654,4.0
index_2655,2.0
index_2656,4.0
index_2657,1.0
index_2658,4.0
index_2659,5.0
index_2660,1.0
index_2661,2.0
index_2662,1.0
index_2663,1.0
index_2664,4.0
index_2665,1.0
index_2666,2.0
index_2667,3.0
index_2668,3.0
index_2669,2.0
index_2670,2.0
index_2671,2.0
index_2672,1.0
index_2673,1.0
index_2674,1.0
index_2675,3.0
index_2676,5.0
index_2677,5.0
index_2678,3.0
index_2679,1.0
index_2680,1.0
index_2681,5.0
index_2682,1.0
index_2683,4.0
index_2684,2.0
index_2685,5.0
index_2686,1.0
index_2687,3.0
index_2688,3.0
index_2689,5.0
index_2690,3.0
index_2691,5.0
index_2692,1.0
index_2693,4.0
index_2694,4.0
index_2695,5.0
index_2696,3.0
index_2697,2.0
index_2698,4.0
index_2699,4.0
index_2700,4.0
index_2701,5.0
index_2702,5.0
index_2703,3.0
index_2704,4.0
index_2705,3.0
index_2706,5.0
index_2707,5.0
index_2708,3.0
index_2709,3.0
index_2710,3.0
index_2711,4.0
index_2712,3.0
index_2713,5.0
index_2714,4.0
index_2715,1.0
index_2716,1.0
index_2717,5.0
index_2718,4.0
index_2719,2.0
index_2720,3.0
index_2721,3.0
index_2722,4.0
index_2723,4.0
index_2724,5.0
index_2725,2.0
index_2726,2.0
index_2727,5.0
index_2728,3.0
index_2729,3.0
index_2730,3.0
index_2731,4.0
index_2732,2.0
index_2733,5.0
index_2734,1.0
index_2735,2.0
index_2736,1.0
index_2737,3.0
index_2738,3.0
index_2739,3.0
index_2740,2.0
index_2741,3.0
index_2742,4.0
index_2743,1.0
index_2744,4.0
index_2745,2.0
index_2746,1.0
index_2747,1.0
index_2748,4.0
index_2749,4.0
index_2750,5.0
index_2751,4.0
index_2752,3.0
index_2753,4.0
index_2754,5.0
index_2755,4.0
index_2756,5.0
index_2757,5.0
index_2758,2.0
index_2759,1.0
index_2760,1.0
index_2761,1.0
index_2762,1.0
index_2763,3.0
index_2764,4.0
index_2765,3.0
index_2766,3.0
index_2767,5.0
index_2768,5.0
index_2769,1.0
index_2770,1.0
index_2771,5.0
index_2772,1.0
index_2773,1.0
index_2774,3.0
index_2775,3.0
index_2776,2.0
index_2777,4.0
index_2778,5.0
index_2779,4.0
index_2780,2.0
index_2781,2.0
index_2782,2.0
index_2783,5.0
index_2784,2.0
index_2785,1.0
index_2786,4.0
index_2787,2.0
index_2788,5.0
index_2789,2.0
index_2790,3.0
index_2791,3.0
index_2792,1.0
index_2793,4.0
index_2794,4.0
index_2795,1.0
index_2796,2.0
index_2797,1.0
index_2798,2.0
index_2799,5.0
index_2800,2.0
index_2801,2.0
index_2802,1.0
index_2803,2.0
index_2804,1.0
index_2805,1.0
index_2806,1.0
index_2807,2.0
index_2808,1.0
index_2809,5.0
index_2810,1.0
index_2811,5.0
index_2812,2.0
index_2813,4.0
index_2814,1.0
index_2815,1.0
index_2816,1.0
index_2817,5.0
index_2818,2.0
index_2819,4.0
index_2820,3.0
index_2821,5.0
index_2822,1.0
index_2823,1.0
index_2824,1.0
index_2825,2.0
index_2826,1.0
index_2827,5.0
index_2828,3.0
index_2829,3.0
index_2830,5.0
index_2831,3.0
index_2832,3.0
index_2833,3.0
index_2834,5.0
index_2835,5.0
index_2836,3.0
index_2837,3.0
index_2838,4.0
index_2839,3.0
index_2840,4.0
index_2841,2.0
index_2842,3.0
index_2843,2.0
index_2844,3.0
index_2845,2.0
index_2846,3.0
index_2847,3.0
index_2848,1.0
index_2849,5.0
index_2850,3.0
index_2851,5.0
index_2852,3.0
index_2853,2.0
index_2854,2.0
index_2855,5.0
index_2856,2.0
index_2857,1.0
index_2858,2.0
index_2859,4.0
index_2860,5.0
index_2861,1.0
index_2862,1.0
index_2863,1.0
index_2864,2.0
index_2865,5.0
index_2866,4.0
index_2867,3.0
index_2868,1.0
index_2869,5.0
index_2870,5.0
index_2871,3.0
index_2872,3.0
index_2873,2.0
index_2874,3.0
index_2875,2.0
index_2876,1.0
index_2877,4.0
index_2878,2.0
index_2879,1.0
index_2880,4.0
index_2881,4.0
index_2882,5.0
index_2883,2.0
index_2884,3.0
index_2885,4.0
index_2886,4.0
index_2887,4.0
index_2888,3.0
index_2889,1.0
index_2890,5.0
index_2891,2.0
index_2892,2.0
index_2893,4.0
index_2894,1.0
index_2895,1.0
index_2896,4.0
index_2897,5.0
index_2898,5.0
index_2899,5.0
index_2900,4.0
index_2901,1.0
index_2902,1.0
index_2903,5.0
index_2904,3.0
index_2905,5.0
index_2906,2.0
index_2907,5.0
index_2908,4.0
index_2909,3.0
index_2910,4.0
index_2911,1.0
index_2912,2.0
index_2913,1.0
index_2914,3.0
index_2915,4.0
index_2916,3.0
index_2917,1.0
index_2918,4.0
index_2919,1.0
index_2920,2.0
index_2921,5.0
index_2922,3.0
index_2923,4.0
index_2924,2.0
index_2925,5.0
index_2926,1.0
index_2927,4.0
index_2928,5.0
index_2929,5.0
index_2930,5.0
index_2931,5.0
index_2932,5.0
index_2933,4.0
index_2934,4.0
index_2935,2.0
index_2936,2.0
index_2937,2.0
index_2938,3.0
index_2939,5.0
index_2940,3.0
index_2941,5.0
index_2942,2.0
index_2943,2.0
index_2944,1.0
index_2945,5.0
index_2946,5.0
index_2947,5.0
index_2948,5.0
index_2949,2.0
index_2950,2.0
index_2951,3.0
index_2952,1.0
index_2953,5.0
index_2954,4.0
index_2955,5.0
index_2956,5.0
index_2957,1.0
index_2958,1.0
index_2959,1.0
index_2960,1.0
index_2961,2.0
index_2962,1.0
index_2963,3.0
index_2964,5.0
index_2965,5.0
index_2966,5.0
index_2967,5.0
index_2968,3.0
index_2969,3.0
index_2970,1.0
index_2971,1.0
index_2972,4.0
index_2973,2.0
index_2974,4.0
index_2975,5.0
index_2976,3.0
index_2977,1.0
index_2978,2.0
index_2979,5.0
index_2980,2.0
index_2981,3.0
index_2982,4.0
index_2983,2.0
index_2984,2.0
index_2985,1.0
index_2986,1.0
index_2987,3.0
index_2988,3.0
index_2989,3.0
index_2990,2.0
index_2991,2.0
index_2992,3.0
index_2993,1.0
index_2994,1.0
index_2995,5.0
index_2996,5.0
index_2997,3.0
index_2998,1.0
index_2999,2.0
index_3000,1.0
index_3001,5.0
index_3002,4.0
index_3003,4.0
index_3004,5.0
index_3005,5.0
index_3006,3.0
index_3007,4.0
index_3008,5.0
index_3009,2.0
index_3010,3.0
index_3011,4.0
index_3012,2.0
index_3013,3.0
index_3014,5.0
index_3015,4.0
index_3016,5.0
index_3017,4.0
index_3018,2.0
index_3019,5.0
index_3020,5.0
index_3021,3.0
index_3022,5.0
index_3023,2.0
index_3024,3.0
index_3025,3.0
index_3026,4.0
index_3027,2.0
index_3028,1.0
index_3029,1.0
index_3030,1.0
index_3031,2.0
index_3032,2.0
index_3033,4.0
index_3034,1.0
index_3035,2.0
index_3036,5.0
index_3037,3.0
index_3038,2.0
index_3039,5.0
index_3040,2.0
index_3041,5.0
index_3042,3.0
index_3043,5.0
index_3044,2.0
index_3045,5.0
index_3046,3.0
index_3047,2.0
index_3048,5.0
index_3049,4.0
index_3050,1.0
index_3051,5.0
index_3052,2.0
index_3053,5.0
index_3054,5.0
index_3055,3.0
index_3056,5.0
index_3057,2.0
index_3058,1.0
index_3059,5.0
index_3060,2.0
index_3061,3.0
index_3062,4.0
index_3063,3.0
index_3064,5.0
index_3065,1.0
index_3066,2.0
index_3067,5.0
index_3068,4.0
index_3069,2.0
index_3070,1.0
index_3071,3.0
index_3072,4.0
index_3073,3.0
index_3074,1.0
index_3075,3.0
index_3076,2.0
index_3077,1.0
index_3078,4.0
index_3079,2.0
index_3080,3.0
index_3081,1.0
index_3082,2.0
index_3083,5.0
index_3084,3.0
index_3085,1.0
index_3086,3.0
index_3087,4.0
index_3088,1.0
index_3089,5.0
index_3090,4.0
index_3091,2.0
index_3092,2.0
index_3093,5.0
index_3094,1.0
index_3095,2.0
index_3096,5.0
index_3097,5.0
index_3098,2.0
index_3099,4.0
index_3100,2.0
index_3101,3.0
index_3102,4.0
index_3103,1.0
index_3104,3.0
index_3105,4.0
index_3106,5.0
index_3107,5.0
index_3108,1.0
index_3109,1.0
index_3110,1.0
index_3111,1.0
index_3112,2.0
index_3113,5.0
index_3114,4.0
index_3115,3.0
index_3116,2.0
index_3117,5.0
index_3118,2.0
index_3119,4.0
index_3120,2.0
index_3121,2.0
index_3122,5.0
index_3123,5.0
index_3124,3.0
index_3125,5.0
index_3126,1.0
index_3127,4.0
index_3128,4.0
index_3129,4.0
index_3130,2.0
index_3131,1.0
index_3132,1.0
index_3133,3.0
index_3134,5.0
index_3135,1.0
index_3136,1.0
index_3137,5.0
index_3138,1.0
index_3139,2.0
index_3140,3.0
index_3141,4.0
index_3142,5.0
index_3143,4.0
index_3144,3.0
index_3145,2.0
index_3146,1.0
index_3147,5.0
index_3148,5.0
index_3149,2.0
index_3150,4.0
index_3151,2.0
index_3152,2.0
index_3153,3.0
index_3154,2.0
index_3155,1.0
index_3156,5.0
index_3157,5.0
index_3158,1.0
index_3159,1.0
index_3160,2.0
index_3161,1.0
index_3162,5.0
index_3163,3.0
index_3164,4.0
index_3165,4.0
index_3166,3.0
index_3167,2.0
index_3168,3.0
index_3169,1.0
index_3170,2.0
index_3171,3.0
index_3172,3.0
index_3173,2.0
index_3174,5.0
index_3175,5.0
index_3176,1.0
index_3177,5.0
index_3178,2.0
index_3179,5.0
index_3180,3.0
index_3181,2.0
index_3182,5.0
index_3183,3.0
index_3184,5.0
index_3185,5.0
index_3186,4.0
index_3187,1.0
index_3188,5.0
index_3189,1.0
index_3190,5.0
index_3191,2.0
index_3192,4.0
index_3193,1.0
index_3194,3.0
index_3195,4.0
index_3196,5.0
index_3197,5.0
index_3198,2.0
index_3199,3.0
index_3200,5.0
index_3201,2.0
index_3202,5.0
index_3203,3.0
index_3204,5.0
index_3205,3.0
index_3206,1.0
index_3207,5.0
index_3208,1.0
index_3209,3.0
index_3210,3.0
index_3211,3.0
index_3212,2.0
index_3213,5.0
index_3214,4.0
index_3215,4.0
index_3216,5.0
index_3217,5.0
index_3218,3.0
index_3219,4.0
index_3220,4.0
index_3221,4.0
index_3222,4.0
index_3223,4.0
index_3224,3.0
index_3225,5.0
index_3226,3.0
index_3227,1.0
index_3228,5.0
index_3229,1.0
index_3230,3.0
index_3231,4.0
index_3232,2.0
index_3233,4.0
index_3234,2.0
index_3235,5.0
index_3236,1.0
index_3237,2.0
index_3238,5.0
index_3239,2.0
index_3240,5.0
index_3241,5.0
index_3242,4.0
index_3243,5.0
index_3244,1.0
index_3245,1.0
index_3246,3.0
index_3247,3.0
index_3248,5.0
index_3249,2.0
index_3250,3.0
index_3251,3.0
index_3252,5.0
index_3253,1.0
index_3254,2.0
index_3255,2.0
index_3256,1.0
index_3257,5.0
index_3258,1.0
index_3259,5.0
index_3260,3.0
index_3261,5.0
index_3262,1.0
index_3263,5.0
index_3264,4.0
index_3265,2.0
index_3266,3.0
index_3267,2.0
index_3268,4.0
index_3269,4.0
index_3270,3.0
index_3271,5.0
index_3272,3.0
index_3273,2.0
index_3274,3.0
index_3275,3.0
index_3276,5.0
index_3277,5.0
index_3278,2.0
index_3279,5.0
index_3280,1.0
index_3281,3.0
index_3282,2.0
index_3283,3.0
index_3284,3.0
index_3285,2.0
index_3286,3.0
index_3287,2.0
index_3288,4.0
index_3289,5.0
index_3290,1.0
index_3291,3.0
index_3292,3.0
index_3293,4.0
index_3294,2.0
index_3295,1.0
index_3296,1.0
index_3297,2.0
index_3298,4.0
index_3299,2.0
index_3300,1.0
index_3301,5.0
index_3302,1.0
index_3303,3.0
index_3304,4.0
index_3305,2.0
index_3306,5.0
index_3307,3.0
index_3308,4.0
index_3309,2.0
index_3310,1.0
index_3311,3.0
index_3312,1.0
index_3313,5.0
index_3314,4.0
index_3315,2.0
index_3316,4.0
index_3317,4.0
index_3318,3.0
index_3319,5.0
index_3320,1.0
index_3321,5.0
index_3322,4.0
index_3323,3.0
index_3324,1.0
index_3325,1.0
index_3326,3.0
index_3327,5.0
index_3328,3.0
index_3329,1.0
index_3330,2.0
index_3331,2.0
index_3332,2.0
index_3333,1.0
index_3334,2.0
index_3335,5.0
index_3336,5.0
index_3337,2.0
index_3338,5.0
index_3339,5.0
index_3340,2.0
index_3341,3.0
index_3342,2.0
index_3343,1.0
index_3344,1.0
index_3345,2.0
index_3346,5.0
index_3347,4.0
index_3348,4.0
index_3349,3.0
index_3350,3.0
index_3351,2.0
index_3352,5.0
index_3353,3.0
index_3354,3.0
index_3355,3.0
index_3356,5.0
index_3357,4.0
index_3358,1.0
index_3359,3.0
index_3360,3.0
index_3361,3.0
index_3362,4.0
index_3363,5.0
index_3364,1.0
index_3365,5.0
index_3366,1.0
index_3367,4.0
index_3368,4.0
index_3369,1.0
index_3370,2.0
index_3371,1.0
index_3372,5.0
index_3373,3.0
index_3374,1.0
index_3375,5.0
index_3376,2.0
index_3377,3.0
index_3378,2.0
index_3379,3.0
index_3380,5.0
index_3381,3.0
index_3382,1.0
index_3383,2.0
index_3384,2.0
index_3385,2.0
index_3386,1.0
index_3387,3.0
index_3388,1.0
index_3389,3.0
index_3390,1.0
index_3391,5.0
index_3392,4.0
index_3393,5.0
index_3394,2.0
index_3395,1.0
index_3396,5.0
index_3397,3.0
index_3398,4.0
index_3399,2.0
index_3400,1.0
index_3401,2.0
index_3402,3.0
index_3403,5.0
index_3404,5.0
index_3405,5.0
index_3406,1.0
index_3407,3.0
index_3408,3.0
index_3409,1.0
index_3410,5.0
index_3411,3.0
index_3412,5.0
index_3413,5.0
index_3414,1.0
index_3415,3.0
index_3416,3.0
index_3417,2.0
index_3418,5.0
index_3419,3.0
index_3420,1.0
index_3421,1.0
index_3422,3.0
index_3423,3.0
index_3424,3.0
index_3425,5.0
index_3426,2.0
index_3427,1.0
index_3428,1.0
index_3429,2.0
index_3430,3.0
index_3431,2.0
index_3432,1.0
index_3433,3.0
index_3434,5.0
index_3435,2.0
index_3436,4.0
index_3437,5.0
index_3438,5.0
index_3439,5.0
index_3440,3.0
index_3441,4.0
index_3442,5.0
index_3443,4.0
index_3444,2.0
index_3445,1.0
index_3446,5.0
index_3447,1.0
index_3448,1.0
index_3449,5.0
index_3450,4.0
index_3451,2.0
index_3452,3.0
index_3453,2.0
index_3454,2.0
index_3455,4.0
index_3456,3.0
index_3457,4.0
index_3458,1.0
index_3459,2.0
index_3460,2.0
index_3461,4.0
index_3462,5.0
index_3463,3.0
index_3464,3.0
index_3465,4.0
index_3466,2.0
index_3467,5.0
index_3468,4.0
index_3469,3.0
index_3470,1.0
index_3471,2.0
index_3472,4.0
index_3473,2.0
index_3474,1.0
index_3475,1.0
index_3476,5.0
index_3477,2.0
index_3478,2.0
index_3479,1.0
index_3480,1.0
index_3481,4.0
index_3482,1.0
index_3483,4.0
index_3484,1.0
index_3485,3.0
index_3486,3.0
index_3487,4.0
index_3488,5.0
index_3489,3.0
index_3490,5.0
index_3491,1.0
index_3492,2.0
index_3493,5.0
index_3494,3.0
index_3495,5.0
index_3496,3.0
index_3497,1.0
index_3498,3.0
index_3499,1.0
index_3500,5.0
index_3501,5.0
index_3502,3.0
index_3503,2.0
index_3504,3.0
index_3505,3.0
index_3506,3.0
index_3507,3.0
index_3508,3.0
index_3509,5.0
index_3510,3.0
index_3511,3.0
index_3512,3.0
index_3513,1.0
index_3514,4.0
index_3515,1.0
index_3516,3.0
index_3517,4.0
index_3518,3.0
index_3519,2.0
index_3520,1.0
index_3521,1.0
index_3522,1.0
index_3523,2.0
index_3524,3.0
index_3525,5.0
index_3526,1.0
index_3527,5.0
index_3528,4.0
index_3529,2.0
index_3530,2.0
index_3531,3.0
index_3532,4.0
index_3533,2.0
index_3534,2.0
index_3535,2.0
index_3536,2.0
index_3537,4.0
index_3538,4.0
index_3539,5.0
index_3540,1.0
index_3541,1.0
index_3542,1.0
index_3543,1.0
index_3544,1.0
index_3545,1.0
index_3546,2.0
index_3547,1.0
index_3548,2.0
index_3549,2.0
index_3550,5.0
index_3551,1.0
index_3552,4.0
index_3553,2.0
index_3554,3.0
index_3555,4.0
index_3556,3.0
index_3557,3.0
index_3558,3.0
index_3559,5.0
index_3560,2.0
index_3561,3.0
index_3562,4.0
index_3563,1.0
index_3564,5.0
index_3565,2.0
index_3566,3.0
index_3567,5.0
index_3568,1.0
index_3569,4.0
index_3570,5.0
index_3571,5.0
index_3572,1.0
index_3573,2.0
index_3574,3.0
index_3575,4.0
index_3576,5.0
index_3577,2.0
index_3578,5.0
index_3579,2.0
index_3580,3.0
index_3581,2.0
index_3582,5.0
index_3583,5.0
index_3584,3.0
index_3585,1.0
index_3586,1.0
index_3587,1.0
index_3588,5.0
index_3589,1.0
index_3590,1.0
index_3591,5.0
index_3592,1.0
index_3593,5.0
index_3594,2.0
index_3595,4.0
index_3596,3.0
index_3597,3.0
index_3598,1.0
index_3599,3.0
index_3600,2.0
index_3601,3.0
index_3602,4.0
index_3603,2.0
index_3604,1.0
index_3605,3.0
index_3606,3.0
index_3607,5.0
index_3608,2.0
index_3609,5.0
index_3610,3.0
index_3611,3.0
index_3612,3.0
index_3613,3.0
index_3614,1.0
index_3615,5.0
index_3616,3.0
index_3617,2.0
index_3618,5.0
index_3619,3.0
index_3620,3.0
index_3621,4.0
index_3622,2.0
index_3623,4.0
index_3624,4.0
index_3625,4.0
index_3626,2.0
index_3627,4.0
index_3628,5.0
index_3629,4.0
index_3630,1.0
index_3631,4.0
index_3632,1.0
index_3633,2.0
index_3634,2.0
index_3635,1.0
index_3636,5.0
index_3637,5.0
index_3638,4.0
index_3639,5.0
index_3640,4.0
index_3641,3.0
index_3642,2.0
index_3643,1.0
index_3644,3.0
index_3645,1.0
index_3646,3.0
index_3647,2.0
index_3648,4.0
index_3649,1.0
index_3650,2.0
index_3651,5.0
index_3652,1.0
index_3653,2.0
index_3654,4.0
index_3655,5.0
index_3656,2.0
index_3657,3.0
index_3658,3.0
index_3659,3.0
index_3660,4.0
index_3661,3.0
index_3662,2.0
index_3663,3.0
index_3664,2.0
index_3665,2.0
index_3666,2.0
index_3667,1.0
index_3668,4.0
index_3669,4.0
index_3670,5.0
index_3671,5.0
index_3672,3.0
index_3673,5.0
index_3674,4.0
index_3675,5.0
index_3676,3.0
index_3677,2.0
index_3678,2.0
index_3679,5.0
index_3680,3.0
index_3681,5.0
index_3682,2.0
index_3683,1.0
index_3684,5.0
index_3685,5.0
index_3686,3.0
index_3687,5.0
index_3688,1.0
index_3689,3.0
index_3690,2.0
index_3691,2.0
index_3692,3.0
index_3693,3.0
index_3694,4.0
index_3695,5.0
index_3696,2.0
index_3697,3.0
index_3698,5.0
index_3699,1.0
index_3700,2.0
index_3701,1.0
index_3702,2.0
index_3703,2.0
index_3704,2.0
index_3705,4.0
index_3706,5.0
index_3707,4.0
index_3708,5.0
index_3709,2.0
index_3710,2.0
index_3711,1.0
index_3712,2.0
index_3713,5.0
index_3714,2.0
index_3715,5.0
index_3716,4.0
index_3717,5.0
index_3718,3.0
index_3719,5.0
index_3720,2.0
index_3721,5.0
index_3722,2.0
index_3723,5.0
index_3724,2.0
index_3725,5.0
index_3726,5.0
index_3727,4.0
index_3728,5.0
index_3729,2.0
index_3730,2.0
index_3731,1.0
index_3732,3.0
index_3733,2.0
index_3734,3.0
index_3735,4.0
index_3736,2.0
index_3737,4.0
index_3738,2.0
index_3739,1.0
index_3740,2.0
index_3741,3.0
index_3742,5.0
index_3743,3.0
index_3744,2.0
index_3745,5.0
index_3746,2.0
index_3747,3.0
index_3748,5.0
index_3749,1.0
index_3750,3.0
index_3751,5.0
index_3752,4.0
index_3753,4.0
index_3754,4.0
index_3755,4.0
index_3756,5.0
index_3757,1.0
index_3758,5.0
index_3759,3.0
index_3760,4.0
index_3761,5.0
index_3762,1.0
index_3763,1.0
index_3764,5.0
index_3765,1.0
index_3766,5.0
index_3767,2.0
index_3768,3.0
index_3769,4.0
index_3770,5.0
index_3771,1.0
index_3772,3.0
index_3773,5.0
index_3774,5.0
index_3775,1.0
index_3776,4.0
index_3777,5.0
index_3778,3.0
index_3779,1.0
index_3780,2.0
index_3781,1.0
index_3782,2.0
index_3783,1.0
index_3784,2.0
index_3785,4.0
index_3786,5.0
index_3787,4.0
index_3788,1.0
index_3789,3.0
index_3790,5.0
index_3791,1.0
index_3792,5.0
index_3793,3.0
index_3794,3.0
index_3795,3.0
index_3796,3.0
index_3797,4.0
index_3798,5.0
index_3799,5.0
index_3800,3.0
index_3801,1.0
index_3802,1.0
index_3803,3.0
index_3804,3.0
index_3805,2.0
index_3806,5.0
index_3807,3.0
index_3808,5.0
index_3809,5.0
index_3810,2.0
index_3811,1.0
index_3812,4.0
index_3813,3.0
index_3814,2.0
index_3815,2.0
index_3816,4.0
index_3817,4.0
index_3818,3.0
index_3819,5.0
index_3820,3.0
index_3821,3.0
index_3822,1.0
index_3823,4.0
index_3824,2.0
index_3825,3.0
index_3826,3.0
index_3827,1.0
index_3828,5.0
index_3829,3.0
index_3830,5.0
index_3831,5.0
index_3832,1.0
index_3833,3.0
index_3834,3.0
index_3835,3.0
index_3836,3.0
index_3837,2.0
index_3838,5.0
index_3839,4.0
index_3840,5.0
index_3841,1.0
index_3842,2.0
index_3843,2.0
index_3844,3.0
index_3845,1.0
index_3846,2.0
index_3847,4.0
index_3848,5.0
index_3849,5.0
index_3850,2.0
index_3851,5.0
index_3852,1.0
index_3853,5.0
index_3854,3.0
index_3855,1.0
index_3856,4.0
index_3857,1.0
index_3858,2.0
index_3859,2.0
index_3860,4.0
index_3861,1.0
index_3862,2.0
index_3863,4.0
index_3864,2.0
index_3865,3.0
index_3866,4.0
index_3867,3.0
index_3868,1.0
index_3869,1.0
index_3870,2.0
index_3871,5.0
index_3872,1.0
index_3873,4.0
index_3874,2.0
index_3875,5.0
index_3876,3.0
index_3877,4.0
index_3878,3.0
index_3879,1.0
index_3880,5.0
index_3881,3.0
index_3882,5.0
index_3883,2.0
index_3884,4.0
index_3885,3.0
index_3886,4.0
index_3887,5.0
index_3888,3.0
index_3889,1.0
index_3890,5.0
index_3891,2.0
index_3892,5.0
index_3893,4.0
index_3894,1.0
index_3895,3.0
index_3896,5.0
index_3897,1.0
index_3898,5.0
index_3899,4.0
index_3900,4.0
index_3901,1.0
index_3902,4.0
index_3903,2.0
index_3904,5.0
index_3905,1.0
index_3906,1.0
index_3907,3.0
index_3908,1.0
index_3909,5.0
index_3910,3.0
index_3911,1.0
index_3912,1.0
index_3913,2.0
index_3914,2.0
index_3915,3.0
index_3916,5.0
index_3917,2.0
index_3918,3.0
index_3919,2.0
index_3920,4.0
index_3921,5.0
index_3922,5.0
index_3923,4.0
index_3924,5.0
index_3925,3.0
index_3926,3.0
index_3927,5.0
index_3928,5.0
index_3929,3.0
index_3930,3.0
index_3931,2.0
index_3932,3.0
index_3933,1.0
index_3934,3.0
index_3935,2.0
index_3936,2.0
index_3937,1.0
index_3938,4.0
index_3939,1.0
index_3940,2.0
index_3941,3.0
index_3942,4.0
index_3943,3.0
index_3944,1.0
index_3945,5.0
index_3946,3.0
index_3947,4.0
index_3948,1.0
index_3949,4.0
index_3950,2.0
index_3951,3.0
index_3952,4.0
index_3953,5.0
index_3954,2.0
index_3955,3.0
index_3956,3.0
index_3957,5.0
index_3958,2.0
index_3959,1.0
index_3960,4.0
index_3961,5.0
index_3962,1.0
index_3963,5.0
index_3964,1.0
index_3965,5.0
index_3966,3.0
index_3967,3.0
index_3968,1.0
index_3969,5.0
index_3970,5.0
index_3971,4.0
index_3972,5.0
index_3973,3.0
index_3974,5.0
index_3975,5.0
index_3976,3.0
index_3977,1.0
index_3978,2.0
index_3979,2.0
index_3980,3.0
index_3981,2.0
index_3982,5.0
index_3983,1.0
index_3984,2.0
index_3985,3.0
index_3986,5.0
index_3987,1.0
index_3988,4.0
index_3989,4.0
index_3990,4.0
index_3991,5.0
index_3992,4.0
index_3993,1.0
index_3994,2.0
index_3995,2.0
index_3996,2.0
index_3997,4.0
index_3998,5.0
index_3999,5.0
index_4000,1.0
index_4001,2.0
index_4002,3.0
index_4003,3.0
index_4004,2.0
index_4005,4.0
index_4006,2.0
index_4007,3.0
index_4008,4.0
index_4009,4.0
index_4010,3.0
index_4011,1.0
index_4012,5.0
index_4013,5.0
index_4014,3.0
index_4015,3.0
index_4016,3.0
index_4017,2.0
index_4018,2.0
index_4019,3.0
index_4020,2.0
index_4021,5.0
index_4022,1.0
index_4023,5.0
index_4024,5.0
index_4025,4.0
index_4026,5.0
index_4027,1.0
index_4028,4.0
index_4029,2.0
index_4030,3.0
index_4031,5.0
index_4032,5.0
index_4033,1.0
index_4034,1.0
index_4035,3.0
index_4036,4.0
index_4037,1.0
index_4038,4.0
index_4039,3.0
index_4040,2.0
index_4041,4.0
index_4042,5.0
index_4043,5.0
index_4044,5.0
index_4045,5.0
index_4046,2.0
index_4047,5.0
index_4048,3.0
index_4049,5.0
index_4050,2.0
index_4051,2.0
index_4052,5.0
index_4053,2.0
index_4054,4.0
index_4055,1.0
index_4056,1.0
index_4057,3.0
index_4058,1.0
index_4059,5.0
index_4060,3.0
index_4061,2.0
index_4062,3.0
index_4063,5.0
index_4064,5.0
index_4065,2.0
index_4066,1.0
index_4067,5.0
index_4068,1.0
index_4069,2.0
index_4070,4.0
index_4071,4.0
index_4072,4.0
index_4073,3.0
index_4074,2.0
index_4075,1.0
index_4076,3.0
index_4077,2.0
index_4078,3.0
index_4079,5.0
index_4080,1.0
index_4081,1.0
index_4082,5.0
index_4083,2.0
index_4084,5.0
index_4085,1.0
index_4086,2.0
index_4087,2.0
index_4088,1.0
index_4089,5.0
index_4090,2.0
index_4091,5.0
index_4092,3.0
index_4093,3.0
index_4094,3.0
index_4095,4.0
index_4096,3.0
index_4097,1.0
index_4098,5.0
index_4099,2.0
index_4100,4.0
index_4101,3.0
index_4102,2.0
index_4103,2.0
index_4104,4.0
index_4105,3.0
index_4106,4.0
index_4107,1.0
index_4108,5.0
index_4109,2.0
index_4110,3.0
index_4111,1.0
index_4112,1.0
index_4113,2.0
index_4114,3.0
index_4115,5.0
index_4116,1.0
index_4117,2.0
index_4118,5.0
index_4119,5.0
index_4120,1.0
index_4121,1.0
index_4122,4.0
index_4123,4.0
index_4124,3.0
index_4125,3.0
index_4126,4.0
index_4127,1.0
index_4128,3.0
index_4129,4.0
index_4130,4.0
index_4131,4.0
index_4132,4.0
index_4133,5.0
index_4134,5.0
index_4135,4.0
index_4136,1.0
index_4137,4.0
index_4138,1.0
index_4139,3.0
index_4140,1.0
index_4141,5.0
index_4142,2.0
index_4143,5.0
index_4144,5.0
index_4145,2.0
index_4146,3.0
index_4147,5.0
index_4148,3.0
index_4149,3.0
index_4150,3.0
index_4151,5.0
index_4152,1.0
index_4153,1.0
index_4154,5.0
index_4155,4.0
index_4156,1.0
index_4157,5.0
index_4158,5.0
index_4159,5.0
index_4160,5.0
index_4161,3.0
index_4162,4.0
index_4163,5.0
index_4164,5.0
index_4165,5.0
index_4166,2.0
index_4167,4.0
index_4168,3.0
index_4169,4.0
index_4170,2.0
index_4171,2.0
index_4172,3.0
index_4173,4.0
index_4174,5.0
index_4175,4.0
index_4176,3.0
index_4177,3.0
index_4178,1.0
index_4179,3.0
index_4180,4.0
index_4181,2.0
index_4182,5.0
index_4183,1.0
index_4184,1.0
index_4185,3.0
index_4186,5.0
index_4187,5.0
index_4188,2.0
index_4189,3.0
index_4190,1.0
index_4191,4.0
index_4192,5.0
index_4193,2.0
index_4194,5.0
index_4195,3.0
index_4196,4.0
index_4197,4.0
index_4198,2.0
index_4199,4.0
index_4200,5.0
index_4201,5.0
index_4202,5.0
index_4203,1.0
index_4204,2.0
index_4205,1.0
index_4206,3.0
index_4207,5.0
index_4208,2.0
index_4209,4.0
index_4210,3.0
index_4211,4.0
index_4212,1.0
index_4213,5.0
index_4214,3.0
index_4215,2.0
index_4216,1.0
index_4217,5.0
index_4218,4.0
index_4219,5.0
index_4220,3.0
index_4221,3.0
index_4222,5.0
index_4223,3.0
index_4224,1.0
index_4225,3.0
index_4226,2.0
index_4227,2.0
index_4228,2.0
index_4229,3.0
index_4230,5.0
index_4231,3.0
index_4232,4.0
index_4233,4.0
index_4234,5.0
index_4235,5.0
index_4236,3.0
index_4237,5.0
index_4238,2.0
index_4239,3.0
index_4240,5.0
index_4241,3.0
index_4242,1.0
index_4243,2.0
index_4244,3.0
index_4245,3.0
index_4246,5.0
index_4247,2.0
index_4248,2.0
index_4249,5.0
index_4250,5.0
index_4251,2.0
index_4252,1.0
index_4253,1.0
index_4254,2.0
index_4255,5.0
index_4256,5.0
index_4257,2.0
index_4258,1.0
index_4259,3.0
index_4260,3.0
index_4261,2.0
index_4262,5.0
index_4263,1.0
index_4264,4.0
index_4265,4.0
index_4266,3.0
index_4267,1.0
index_4268,1.0
index_4269,4.0
index_4270,5.0
index_4271,2.0
index_4272,5.0
index_4273,5.0
index_4274,5.0
index_4275,5.0
index_4276,4.0
index_4277,5.0
index_4278,3.0
index_4279,5.0
index_4280,5.0
index_4281,1.0
index_4282,2.0
index_4283,1.0
index_4284,2.0
index_4285,1.0
index_4286,1.0
index_4287,4.0
index_4288,3.0
index_4289,3.0
index_4290,4.0
index_4291,3.0
index_4292,2.0
index_4293,4.0
index_4294,3.0
index_4295,2.0
index_4296,5.0
index_4297,4.0
index_4298,4.0
index_4299,1.0
index_4300,1.0
index_4301,2.0
index_4302,1.0
index_4303,2.0
index_4304,3.0
index_4305,4.0
index_4306,4.0
index_4307,2.0
index_4308,4.0
index_4309,4.0
index_4310,2.0
index_4311,5.0
index_4312,2.0
index_4313,3.0
index_4314,3.0
index_4315,4.0
index_4316,4.0
index_4317,1.0
index_4318,1.0
index_4319,3.0
index_4320,5.0
index_4321,4.0
index_4322,2.0
index_4323,4.0
index_4324,4.0
index_4325,5.0
index_4326,4.0
index_4327,4.0
index_4328,4.0
index_4329,5.0
index_4330,3.0
index_4331,4.0
index_4332,4.0
index_4333,4.0
index_4334,5.0
index_4335,5.0
index_4336,5.0
index_4337,5.0
index_4338,4.0
index_4339,1.0
index_4340,5.0
index_4341,1.0
index_4342,1.0
index_4343,2.0
index_4344,1.0
index_4345,5.0
index_4346,5.0
index_4347,1.0
index_4348,3.0
index_4349,2.0
index_4350,3.0
index_4351,5.0
index_4352,2.0
index_4353,4.0
index_4354,1.0
index_4355,3.0
index_4356,4.0
index_4357,2.0
index_4358,4.0
index_4359,4.0
index_4360,1.0
index_4361,2.0
index_4362,3.0
index_4363,2.0
index_4364,1.0
index_4365,2.0
index_4366,3.0
index_4367,3.0
index_4368,4.0
index_4369,2.0
index_4370,1.0
index_4371,2.0
index_4372,5.0
index_4373,2.0
index_4374,4.0
index_4375,3.0
index_4376,1.0
index_4377,3.0
index_4378,4.0
index_4379,4.0
index_4380,2.0
index_4381,3.0
index_4382,2.0
index_4383,2.0
index_4384,3.0
index_4385,2.0
index_4386,4.0
index_4387,5.0
index_4388,1.0
index_4389,4.0
index_4390,5.0
index_4391,1.0
index_4392,2.0
index_4393,1.0
index_4394,1.0
index_4395,5.0
index_4396,1.0
index_4397,1.0
index_4398,2.0
index_4399,4.0
index_4400,3.0
index_4401,2.0
index_4402,4.0
index_4403,3.0
index_4404,3.0
index_4405,2.0
index_4406,1.0
index_4407,1.0
index_4408,4.0
index_4409,4.0
index_4410,3.0
index_4411,1.0
index_4412,1.0
index_4413,1.0
index_4414,4.0
index_4415,3.0
index_4416,5.0
index_4417,4.0
index_4418,1.0
index_4419,2.0
index_4420,5.0
index_4421,2.0
index_4422,2.0
index_4423,1.0
index_4424,3.0
index_4425,3.0
index_4426,4.0
index_4427,4.0
index_4428,2.0
index_4429,4.0
index_4430,2.0
index_4431,2.0
index_4432,5.0
index_4433,2.0
index_4434,5.0
index_4435,3.0
index_4436,2.0
index_4437,4.0
index_4438,5.0
index_4439,2.0
index_4440,5.0
index_4441,3.0
index_4442,3.0
index_4443,1.0
index_4444,4.0
index_4445,1.0
index_4446,3.0
index_4447,3.0
index_4448,5.0
index_4449,3.0
index_4450,5.0
index_4451,3.0
index_4452,5.0
index_4453,3.0
index_4454,3.0
index_4455,5.0
index_4456,1.0
index_4457,1.0
index_4458,3.0
index_4459,3.0
index_4460,3.0
index_4461,2.0
index_4462,1.0
index_4463,4.0
index_4464,1.0
index_4465,2.0
index_4466,4.0
index_4467,5.0
index_4468,1.0
index_4469,2.0
index_4470,5.0
index_4471,2.0
index_4472,3.0
index_4473,1.0
index_4474,3.0
index_4475,1.0
index_4476,5.0
index_4477,3.0
index_4478,5.0
index_4479,4.0
index_4480,1.0
index_4481,1.0
index_4482,4.0
index_4483,1.0
index_4484,3.0
index_4485,3.0
index_4486,4.0
index_4487,5.0
index_4488,1.0
index_4489,4.0
index_4490,3.0
index_4491,5.0
index_4492,2.0
index_4493,4.0
index_4494,4.0
index_4495,1.0
index_4496,4.0
index_4497,2.0
index_4498,1.0
index_4499,4.0
index_4500,3.0
index_4501,2.0
index_4502,5.0
index_4503,3.0
index_4504,4.0
index_4505,1.0
index_4506,1.0
index_4507,1.0
index_4508,3.0
index_4509,4.0
index_4510,1.0
index_4511,2.0
index_4512,2.0
index_4513,3.0
index_4514,1.0
index_4515,5.0
index_4516,2.0
index_4517,4.0
index_4518,2.0
index_4519,3.0
index_4520,5.0
index_4521,4.0
index_4522,2.0
index_4523,2.0
index_4524,2.0
index_4525,5.0
index_4526,2.0
index_4527,3.0
index_4528,1.0
index_4529,1.0
index_4530,4.0
index_4531,5.0
index_4532,3.0
index_4533,2.0
index_4534,5.0
index_4535,5.0
index_4536,3.0
index_4537,3.0
index_4538,1.0
index_4539,1.0
index_4540,2.0
index_4541,1.0
index_4542,4.0
index_4543,5.0
index_4544,3.0
index_4545,1.0
index_4546,5.0
index_4547,5.0
index_4548,3.0
index_4549,4.0
index_4550,5.0
index_4551,1.0
index_4552,5.0
index_4553,2.0
index_4554,2.0
index_4555,3.0
index_4556,5.0
index_4557,5.0
index_4558,5.0
index_4559,3.0
index_4560,2.0
index_4561,3.0
index_4562,5.0
index_4563,3.0
index_4564,4.0
index_4565,1.0
index_4566,3.0
index_4567,3.0
index_4568,5.0
index_4569,5.0
index_4570,2.0
index_4571,1.0
index_4572,4.0
index_4573,4.0
index_4574,5.0
index_4575,1.0
index_4576,4.0
index_4577,3.0
index_4578,2.0
index_4579,2.0
index_4580,3.0
index_4581,4.0
index_4582,2.0
index_4583,2.0
index_4584,1.0
index_4585,5.0
index_4586,1.0
index_4587,2.0
index_4588,1.0
index_4589,5.0
index_4590,4.0
index_4591,2.0
index_4592,2.0
index_4593,1.0
index_4594,2.0
index_4595,2.0
index_4596,1.0
index_4597,4.0
index_4598,2.0
index_4599,4.0
index_4600,5.0
index_4601,3.0
index_4602,5.0
index_4603,2.0
index_4604,2.0
index_4605,4.0
index_4606,4.0
index_4607,4.0
index_4608,3.0
index_4609,1.0
index_4610,5.0
index_4611,5.0
index_4612,2.0
index_4613,5.0
index_4614,1.0
index_4615,2.0
index_4616,2.0
index_4617,3.0
index_4618,2.0
index_4619,4.0
index_4620,3.0
index_4621,2.0
index_4622,1.0
index_4623,3.0
index_4624,3.0
index_4625,2.0
index_4626,1.0
index_4627,4.0
index_4628,3.0
index_4629,5.0
index_4630,1.0
index_4631,2.0
index_4632,3.0
index_4633,3.0
index_4634,2.0
index_4635,2.0
index_4636,4.0
index_4637,2.0
index_4638,1.0
index_4639,2.0
index_4640,4.0
index_4641,1.0
index_4642,2.0
index_4643,4.0
index_4644,2.0
index_4645,3.0
index_4646,5.0
index_4647,4.0
index_4648,3.0
index_4649,3.0
index_4650,1.0
index_4651,1.0
index_4652,5.0
index_4653,1.0
index_4654,2.0
index_4655,2.0
index_4656,4.0
index_4657,4.0
index_4658,2.0
index_4659,2.0
index_4660,2.0
index_4661,5.0
index_4662,2.0
index_4663,2.0
index_4664,2.0
index_4665,3.0
index_4666,4.0
index_4667,3.0
index_4668,4.0
index_4669,2.0
index_4670,5.0
index_4671,4.0
index_4672,2.0
index_4673,1.0
index_4674,5.0
index_4675,3.0
index_4676,3.0
index_4677,5.0
index_4678,2.0
index_4679,4.0
index_4680,4.0
index_4681,5.0
index_4682,3.0
index_4683,4.0
index_4684,5.0
index_4685,5.0
index_4686,3.0
index_4687,5.0
index_4688,4.0
index_4689,3.0
index_4690,1.0
index_4691,1.0
index_4692,4.0
index_4693,1.0
index_4694,3.0
index_4695,4.0
index_4696,3.0
index_4697,2.0
index_4698,4.0
index_4699,3.0
index_4700,2.0
index_4701,3.0
index_4702,4.0
index_4703,1.0
index_4704,3.0
index_4705,3.0
index_4706,3.0
index_4707,3.0
index_4708,5.0
index_4709,1.0
index_4710,2.0
index_4711,5.0
index_4712,3.0
index_4713,3.0
index_4714,5.0
index_4715,3.0
index_4716,5.0
index_4717,4.0
index_4718,2.0
index_4719,2.0
index_4720,2.0
index_4721,3.0
index_4722,2.0
index_4723,5.0
index_4724,4.0
index_4725,3.0
index_4726,4.0
index_4727,1.0
index_4728,5.0
index_4729,4.0
index_4730,2.0
index_4731,1.0
index_4732,3.0
index_4733,1.0
index_4734,4.0
index_4735,5.0
index_4736,1.0
index_4737,4.0
index_4738,5.0
index_4739,3.0
index_4740,5.0
index_4741,2.0
index_4742,1.0
index_4743,2.0
index_4744,2.0
index_4745,3.0
index_4746,2.0
index_4747,2.0
index_4748,5.0
index_4749,5.0
index_4750,1.0
index_4751,1.0
index_4752,4.0
index_4753,3.0
index_4754,3.0
index_4755,4.0
index_4756,2.0
index_4757,3.0
index_4758,1.0
index_4759,4.0
index_4760,5.0
index_4761,5.0
index_4762,5.0
index_4763,4.0
index_4764,2.0
index_4765,1.0
index_4766,5.0
index_4767,5.0
index_4768,3.0
index_4769,1.0
index_4770,3.0
index_4771,4.0
index_4772,2.0
index_4773,3.0
index_4774,1.0
index_4775,1.0
index_4776,2.0
index_4777,5.0
index_4778,5.0
index_4779,4.0
index_4780,5.0
index_4781,1.0
index_4782,2.0
index_4783,5.0
index_4784,3.0
index_4785,1.0
index_4786,3.0
index_4787,3.0
index_4788,3.0
index_4789,3.0
index_4790,3.0
index_4791,2.0
index_4792,4.0
index_4793,5.0
index_4794,4.0
index_4795,1.0
index_4796,1.0
index_4797,1.0
index_4798,5.0
index_4799,2.0
index_4800,1.0
index_4801,1.0
index_4802,4.0
index_4803,3.0
index_4804,5.0
index_4805,3.0
index_4806,4.0
index_4807,1.0
index_4808,3.0
index_4809,5.0
index_4810,1.0
index_4811,4.0
index_4812,1.0
index_4813,1.0
index_4814,2.0
index_4815,3.0
index_4816,2.0
index_4817,5.0
index_4818,5.0
index_4819,1.0
index_4820,2.0
index_4821,4.0
index_4822,2.0
index_4823,4.0
index_4824,4.0
index_4825,1.0
index_4826,1.0
index_4827,5.0
index_4828,5.0
index_4829,5.0
index_4830,1.0
index_4831,4.0
index_4832,2.0
index_4833,3.0
index_4834,5.0
index_4835,3.0
index_4836,1.0
index_4837,5.0
index_4838,3.0
index_4839,1.0
index_4840,3.0
index_4841,3.0
index_4842,5.0
index_4843,5.0
index_4844,4.0
index_4845,1.0
index_4846,5.0
index_4847,5.0
index_4848,3.0
index_4849,1.0
index_4850,5.0
index_4851,4.0
index_4852,5.0
index_4853,3.0
index_4854,3.0
index_4855,1.0
index_4856,3.0
index_4857,4.0
index_4858,1.0
index_4859,2.0
index_4860,5.0
index_4861,5.0
index_4862,4.0
index_4863,5.0
index_4864,3.0
index_4865,3.0
index_4866,3.0
index_4867,1.0
index_4868,5.0
index_4869,4.0
index_4870,1.0
index_4871,5.0
index_4872,5.0
index_4873,4.0
index_4874,3.0
index_4875,4.0
index_4876,2.0
index_4877,1.0
index_4878,3.0
index_4879,3.0
index_4880,5.0
index_4881,4.0
index_4882,4.0
index_4883,5.0
index_4884,1.0
index_4885,4.0
index_4886,4.0
index_4887,5.0
index_4888,4.0
index_4889,3.0
index_4890,2.0
index_4891,4.0
index_4892,2.0
index_4893,2.0
index_4894,3.0
index_4895,2.0
index_4896,1.0
index_4897,3.0
index_4898,1.0
index_4899,3.0
index_4900,2.0
index_4901,1.0
index_4902,4.0
index_4903,1.0
index_4904,4.0
index_4905,3.0
index_4906,2.0
index_4907,5.0
index_4908,5.0
index_4909,4.0
index_4910,3.0
index_4911,2.0
index_4912,2.0
index_4913,1.0
index_4914,1.0
index_4915,5.0
index_4916,5.0
index_4917,5.0
index_4918,2.0
index_4919,2.0
index_4920,3.0
index_4921,4.0
index_4922,3.0
index_4923,3.0
index_4924,2.0
index_4925,1.0
index_4926,4.0
index_4927,2.0
index_4928,1.0
index_4929,2.0
index_4930,2.0
index_4931,1.0
index_4932,2.0
index_4933,5.0
index_4934,1.0
index_4935,2.0
index_4936,5.0
index_4937,3.0
index_4938,5.0
index_4939,1.0
index_4940,1.0
index_4941,5.0
index_4942,1.0
index_4943,3.0
index_4944,2.0
index_4945,1.0
index_4946,2.0
index_4947,3.0
index_4948,5.0
index_4949,2.0
index_4950,5.0
index_4951,3.0
index_4952,1.0
index_4953,1.0
index_4954,5.0
index_4955,1.0
index_4956,5.0
index_4957,5.0
index_4958,4.0
index_4959,4.0
index_4960,2.0
index_4961,1.0
index_4962,5.0
index_4963,1.0
index_4964,4.0
index_4965,4.0
index_4966,2.0
index_4967,4.0
index_4968,1.0
index_4969,1.0
index_4970,1.0
index_4971,5.0
index_4972,5.0
index_4973,3.0
index_4974,3.0
index_4975,3.0
index_4976,3.0
index_4977,2.0
index_4978,2.0
index_4979,2.0
index_4980,4.0
index_4981,2.0
index_4982,1.0
index_4983,1.0
index_4984,3.0
index_4985,2.0
index_4986,2.0
index_4987,5.0
index_4988,3.0
index_4989,2.0
index_4990,2.0
index_4991,3.0
index_4992,1.0
index_4993,2.0
index_4994,4.0
index_4995,2.0
index_4996,5.0
index_4997,3.0
index_4998,4.0
index_4999,2.0
index_5000,1.0
index_5001,1.0
index_5002,4.0
index_5003,5.0
index_5004,5.0
index_5005,5.0
index_5006,5.0
index_5007,1.0
index_5008,1.0
index_5009,1.0
index_5010,1.0
index_5011,5.0
index_5012,3.0
index_5013,5.0
index_5014,3.0
index_5015,2.0
index_5016,4.0
index_5017,1.0
index_5018,2.0
index_5019,5.0
index_5020,2.0
index_5021,4.0
index_5022,2.0
index_5023,4.0
index_5024,1.0
index_5025,1.0
index_5026,5.0
index_5027,4.0
index_5028,3.0
index_5029,4.0
index_5030,5.0
index_5031,3.0
index_5032,5.0
index_5033,5.0
index_5034,1.0
index_5035,1.0
index_5036,2.0
index_5037,1.0
index_5038,2.0
index_5039,5.0
index_5040,3.0
index_5041,2.0
index_5042,3.0
index_5043,1.0
index_5044,5.0
index_5045,3.0
index_5046,4.0
index_5047,3.0
index_5048,1.0
index_5049,2.0
index_5050,1.0
index_5051,3.0
index_5052,2.0
index_5053,3.0
index_5054,4.0
index_5055,4.0
index_5056,5.0
index_5057,1.0
index_5058,2.0
index_5059,4.0
index_5060,3.0
index_5061,2.0
index_5062,2.0
index_5063,1.0
index_5064,1.0
index_5065,2.0
index_5066,4.0
index_5067,3.0
index_5068,4.0
index_5069,4.0
index_5070,2.0
index_5071,5.0
index_5072,1.0
index_5073,3.0
index_5074,4.0
index_5075,3.0
index_5076,5.0
index_5077,1.0
index_5078,5.0
index_5079,5.0
index_5080,4.0
index_5081,5.0
index_5082,2.0
index_5083,4.0
index_5084,4.0
index_5085,1.0
index_5086,4.0
index_5087,5.0
index_5088,5.0
index_5089,5.0
index_5090,4.0
index_5091,1.0
index_5092,5.0
index_5093,1.0
index_5094,3.0
index_5095,3.0
index_5096,3.0
index_5097,3.0
index_5098,1.0
index_5099,5.0
index_5100,4.0
index_5101,2.0
index_5102,3.0
index_5103,2.0
index_5104,5.0
index_5105,1.0
index_5106,5.0
index_5107,5.0
index_5108,2.0
index_5109,1.0
index_5110,2.0
index_5111,5.0
index_5112,3.0
index_5113,1.0
index_5114,1.0
index_5115,1.0
index_5116,5.0
index_5117,5.0
index_5118,2.0
index_5119,4.0
index_5120,5.0
index_5121,3.0
index_5122,1.0
index_5123,3.0
index_5124,5.0
index_5125,5.0
index_5126,2.0
index_5127,3.0
index_5128,1.0
index_5129,4.0
index_5130,4.0
index_5131,1.0
index_5132,5.0
index_5133,2.0
index_5134,2.0
index_5135,2.0
index_5136,3.0
index_5137,2.0
index_5138,4.0
index_5139,2.0
index_5140,5.0
index_5141,5.0
index_5142,1.0
index_5143,4.0
index_5144,5.0
index_5145,3.0
index_5146,1.0
index_5147,3.0
index_5148,4.0
index_5149,5.0
index_5150,4.0
index_5151,3.0
index_5152,3.0
index_5153,1.0
index_5154,1.0
index_5155,1.0
index_5156,3.0
index_5157,3.0
index_5158,5.0
index_5159,2.0
index_5160,2.0
index_5161,3.0
index_5162,5.0
index_5163,4.0
index_5164,1.0
index_5165,4.0
index_5166,3.0
index_5167,4.0
index_5168,4.0
index_5169,1.0
index_5170,5.0
index_5171,2.0
index_5172,5.0
index_5173,1.0
index_5174,1.0
index_5175,2.0
index_5176,5.0
index_5177,1.0
index_5178,3.0
index_5179,4.0
index_5180,4.0
index_5181,1.0
index_5182,5.0
index_5183,2.0
index_5184,1.0
index_5185,1.0
index_5186,4.0
index_5187,5.0
index_5188,3.0
index_5189,5.0
index_5190,4.0
index_5191,2.0
index_5192,1.0
index_5193,1.0
index_5194,5.0
index_5195,4.0
index_5196,3.0
index_5197,5.0
index_5198,3.0
index_5199,4.0
index_5200,4.0
index_5201,5.0
index_5202,3.0
index_5203,4.0
index_5204,2.0
index_5205,2.0
index_5206,2.0
index_5207,3.0
index_5208,3.0
index_5209,5.0
index_5210,4.0
index_5211,4.0
index_5212,3.0
index_5213,1.0
index_5214,3.0
index_5215,5.0
index_5216,5.0
index_5217,1.0
index_5218,1.0
index_5219,1.0
index_5220,3.0
index_5221,3.0
index_5222,5.0
index_5223,2.0
index_5224,3.0
index_5225,2.0
index_5226,5.0
index_5227,4.0
index_5228,2.0
index_5229,4.0
index_5230,4.0
index_5231,1.0
index_5232,2.0
index_5233,5.0
index_5234,2.0
index_5235,2.0
index_5236,5.0
index_5237,3.0
index_5238,1.0
index_5239,3.0
index_5240,4.0
index_5241,5.0
index_5242,1.0
index_5243,5.0
index_5244,5.0
index_5245,2.0
index_5246,2.0
index_5247,2.0
index_5248,1.0
index_5249,3.0
index_5250,4.0
index_5251,1.0
index_5252,1.0
index_5253,5.0
index_5254,4.0
index_5255,4.0
index_5256,4.0
index_5257,4.0
index_5258,3.0
index_5259,5.0
index_5260,5.0
index_5261,5.0
index_5262,4.0
index_5263,3.0
index_5264,4.0
index_5265,5.0
index_5266,4.0
index_5267,5.0
index_5268,1.0
index_5269,5.0
index_5270,1.0
index_5271,1.0
index_5272,2.0
index_5273,4.0
index_5274,1.0
index_5275,1.0
index_5276,3.0
index_5277,4.0
index_5278,3.0
index_5279,4.0
index_5280,1.0
index_5281,2.0
index_5282,2.0
index_5283,2.0
index_5284,1.0
index_5285,5.0
index_5286,2.0
index_5287,5.0
index_5288,4.0
index_5289,5.0
index_5290,5.0
index_5291,2.0
index_5292,4.0
index_5293,2.0
index_5294,2.0
index_5295,4.0
index_5296,1.0
index_5297,5.0
index_5298,1.0
index_5299,1.0
index_5300,5.0
index_5301,4.0
index_5302,1.0
index_5303,2.0
index_5304,3.0
index_5305,2.0
index_5306,3.0
index_5307,1.0
index_5308,3.0
index_5309,3.0
index_5310,4.0
index_5311,4.0
index_5312,4.0
index_5313,5.0
index_5314,2.0
index_5315,5.0
index_5316,2.0
index_5317,3.0
index_5318,1.0
index_5319,1.0
index_5320,4.0
index_5321,5.0
index_5322,5.0
index_5323,3.0
index_5324,2.0
index_5325,5.0
index_5326,5.0
index_5327,1.0
index_5328,3.0
index_5329,5.0
index_5330,2.0
index_5331,2.0
index_5332,2.0
index_5333,5.0
index_5334,5.0
index_5335,5.0
index_5336,2.0
index_5337,2.0
index_5338,5.0
index_5339,3.0
index_5340,1.0
index_5341,5.0
index_5342,5.0
index_5343,4.0
index_5344,3.0
index_5345,2.0
index_5346,5.0
index_5347,5.0
index_5348,4.0
index_5349,1.0
index_5350,3.0
index_5351,4.0
index_5352,4.0
index_5353,1.0
index_5354,3.0
index_5355,5.0
index_5356,3.0
index_5357,5.0
index_5358,2.0
index_5359,1.0
index_5360,1.0
index_5361,2.0
index_5362,1.0
index_5363,2.0
index_5364,3.0
index_5365,1.0
index_5366,2.0
index_5367,5.0
index_5368,5.0
index_5369,4.0
index_5370,5.0
index_5371,2.0
index_5372,1.0
index_5373,1.0
index_5374,5.0
index_5375,1.0
index_5376,5.0
index_5377,3.0
index_5378,2.0
index_5379,3.0
index_5380,3.0
index_5381,5.0
index_5382,1.0
index_5383,3.0
index_5384,5.0
index_5385,4.0
index_5386,2.0
index_5387,5.0
index_5388,3.0
index_5389,2.0
index_5390,1.0
index_5391,2.0
index_5392,5.0
index_5393,2.0
index_5394,1.0
index_5395,5.0
index_5396,5.0
index_5397,4.0
index_5398,4.0
index_5399,4.0
index_5400,2.0
index_5401,2.0
index_5402,3.0
index_5403,1.0
index_5404,1.0
index_5405,5.0
index_5406,1.0
index_5407,1.0
index_5408,1.0
index_5409,5.0
index_5410,4.0
index_5411,5.0
index_5412,3.0
index_5413,5.0
index_5414,1.0
index_5415,2.0
index_5416,3.0
index_5417,1.0
index_5418,5.0
index_5419,3.0
index_5420,1.0
index_5421,3.0
index_5422,1.0
index_5423,3.0
index_5424,3.0
index_5425,3.0
index_5426,5.0
index_5427,4.0
index_5428,4.0
index_5429,4.0
index_5430,2.0
index_5431,2.0
index_5432,5.0
index_5433,3.0
index_5434,3.0
index_5435,1.0
index_5436,4.0
index_5437,3.0
index_5438,2.0
index_5439,4.0
index_5440,1.0
index_5441,1.0
index_5442,1.0
index_5443,4.0
index_5444,4.0
index_5445,3.0
index_5446,2.0
index_5447,2.0
index_5448,2.0
index_5449,4.0
index_5450,5.0
index_5451,1.0
index_5452,5.0
index_5453,5.0
index_5454,1.0
index_5455,5.0
index_5456,4.0
index_5457,5.0
index_5458,2.0
index_5459,2.0
index_5460,1.0
index_5461,3.0
index_5462,3.0
index_5463,4.0
index_5464,2.0
index_5465,2.0
index_5466,4.0
index_5467,4.0
index_5468,5.0
index_5469,2.0
index_5470,3.0
index_5471,3.0
index_5472,1.0
index_5473,4.0
index_5474,2.0
index_5475,3.0
index_5476,4.0
index_5477,2.0
index_5478,3.0
index_5479,4.0
index_5480,1.0
index_5481,2.0
index_5482,5.0
index_5483,1.0
index_5484,5.0
index_5485,3.0
index_5486,3.0
index_5487,3.0
index_5488,2.0
index_5489,4.0
index_5490,1.0
index_5491,5.0
index_5492,2.0
index_5493,5.0
index_5494,5.0
index_5495,1.0
index_5496,5.0
index_5497,4.0
index_5498,4.0
index_5499,1.0
index_5500,1.0
index_5501,1.0
index_5502,4.0
index_5503,5.0
index_5504,5.0
index_5505,4.0
index_5506,1.0
index_5507,3.0
index_5508,1.0
index_5509,1.0
index_5510,3.0
index_5511,1.0
index_5512,5.0
index_5513,2.0
index_5514,1.0
index_5515,1.0
index_5516,4.0
index_5517,4.0
index_5518,5.0
index_5519,2.0
index_5520,4.0
index_5521,1.0
index_5522,2.0
index_5523,4.0
index_5524,5.0
index_5525,1.0
index_5526,5.0
index_5527,3.0
index_5528,2.0
index_5529,2.0
index_5530,5.0
index_5531,3.0
index_5532,5.0
index_5533,2.0
index_5534,2.0
index_5535,1.0
index_5536,4.0
index_5537,3.0
index_5538,2.0
index_5539,3.0
index_5540,5.0
index_5541,1.0
index_5542,4.0
index_5543,5.0
index_5544,2.0
index_5545,2.0
index_5546,5.0
index_5547,5.0
index_5548,3.0
index_5549,1.0
index_5550,1.0
index_5551,3.0
index_5552,5.0
index_5553,4.0
index_5554,2.0
index_5555,3.0
index_5556,3.0
index_5557,3.0
index_5558,2.0
index_5559,2.0
index_5560,5.0
index_5561,3.0
index_5562,2.0
index_5563,1.0
index_5564,2.0
index_5565,3.0
index_5566,3.0
index_5567,1.0
index_5568,3.0
index_5569,5.0
index_5570,2.0
index_5571,2.0
index_5572,3.0
index_5573,5.0
index_5574,5.0
index_5575,1.0
index_5576,3.0
index_5577,5.0
index_5578,1.0
index_5579,2.0
index_5580,3.0
index_5581,3.0
index_5582,1.0
index_5583,5.0
index_5584,1.0
index_5585,1.0
index_5586,2.0
index_5587,3.0
index_5588,1.0
index_5589,1.0
index_5590,2.0
index_5591,5.0
index_5592,3.0
index_5593,2.0
index_5594,3.0
index_5595,1.0
index_5596,5.0
index_5597,5.0
index_5598,1.0
index_5599,5.0
index_5600,5.0
index_5601,3.0
index_5602,2.0
index_5603,3.0
index_5604,2.0
index_5605,4.0
index_5606,3.0
index_5607,5.0
index_5608,1.0
index_5609,1.0
index_5610,4.0
index_5611,3.0
index_5612,3.0
index_5613,2.0
index_5614,5.0
index_5615,2.0
index_5616,4.0
index_5617,2.0
index_5618,4.0
index_5619,1.0
index_5620,4.0
index_5621,1.0
index_5622,4.0
index_5623,1.0
index_5624,5.0
index_5625,1.0
index_5626,3.0
index_5627,4.0
index_5628,1.0
index_5629,2.0
index_5630,1.0
index_5631,2.0
index_5632,4.0
index_5633,2.0
index_5634,4.0
index_5635,2.0
index_5636,1.0
index_5637,3.0
index_5638,4.0
index_5639,5.0
index_5640,5.0
index_5641,1.0
index_5642,1.0
index_5643,4.0
index_5644,2.0
index_5645,2.0
index_5646,5.0
index_5647,3.0
index_5648,1.0
index_5649,5.0
index_5650,3.0
index_5651,5.0
index_5652,3.0
index_5653,3.0
index_5654,4.0
index_5655,2.0
index_5656,1.0
index_5657,1.0
index_5658,2.0
index_5659,4.0
index_5660,3.0
index_5661,1.0
index_5662,5.0
index_5663,5.0
index_5664,5.0
index_5665,3.0
index_5666,3.0
index_5667,3.0
index_5668,5.0
index_5669,4.0
index_5670,1.0
index_5671,1.0
index_5672,5.0
index_5673,2.0
index_5674,2.0
index_5675,3.0
index_5676,1.0
index_5677,1.0
index_5678,4.0
index_5679,2.0
index_5680,1.0
index_5681,3.0
index_5682,2.0
index_5683,3.0
index_5684,1.0
index_5685,2.0
index_5686,4.0
index_5687,5.0
index_5688,1.0
index_5689,1.0
index_5690,1.0
index_5691,4.0
index_5692,1.0
index_5693,3.0
index_5694,4.0
index_5695,2.0
index_5696,3.0
index_5697,3.0
index_5698,4.0
index_5699,2.0
index_5700,3.0
index_5701,3.0
index_5702,1.0
index_5703,5.0
index_5704,5.0
index_5705,1.0
index_5706,3.0
index_5707,2.0
index_5708,3.0
index_5709,4.0
index_5710,3.0
index_5711,1.0
index_5712,1.0
index_5713,5.0
index_5714,3.0
index_5715,4.0
index_5716,2.0
index_5717,3.0
index_5718,3.0
index_5719,5.0
index_5720,1.0
index_5721,2.0
index_5722,1.0
index_5723,1.0
index_5724,4.0
index_5725,3.0
index_5726,1.0
index_5727,3.0
index_5728,3.0
index_5729,3.0
index_5730,2.0
index_5731,5.0
index_5732,4.0
index_5733,4.0
index_5734,3.0
index_5735,5.0
index_5736,4.0
index_5737,2.0
index_5738,5.0
index_5739,2.0
index_5740,2.0
index_5741,1.0
index_5742,1.0
index_5743,3.0
index_5744,4.0
index_5745,4.0
index_5746,4.0
index_5747,1.0
index_5748,2.0
index_5749,4.0
index_5750,3.0
index_5751,1.0
index_5752,1.0
index_5753,2.0
index_5754,3.0
index_5755,5.0
index_5756,4.0
index_5757,2.0
index_5758,3.0
index_5759,3.0
index_5760,1.0
index_5761,1.0
index_5762,4.0
index_5763,1.0
index_5764,5.0
index_5765,4.0
index_5766,5.0
index_5767,5.0
index_5768,3.0
index_5769,2.0
index_5770,4.0
index_5771,1.0
index_5772,2.0
index_5773,2.0
index_5774,2.0
index_5775,2.0
index_5776,5.0
index_5777,4.0
index_5778,2.0
index_5779,4.0
index_5780,1.0
index_5781,3.0
index_5782,3.0
index_5783,2.0
index_5784,5.0
index_5785,1.0
index_5786,1.0
index_5787,2.0
index_5788,3.0
index_5789,5.0
index_5790,3.0
index_5791,2.0
index_5792,5.0
index_5793,2.0
index_5794,2.0
index_5795,3.0
index_5796,2.0
index_5797,4.0
index_5798,1.0
index_5799,3.0
index_5800,5.0
index_5801,5.0
index_5802,2.0
index_5803,5.0
index_5804,2.0
index_5805,1.0
index_5806,3.0
index_5807,4.0
index_5808,3.0
index_5809,4.0
index_5810,5.0
index_5811,3.0
index_5812,3.0
index_5813,3.0
index_5814,1.0
index_5815,5.0
index_5816,5.0
index_5817,4.0
index_5818,3.0
index_5819,4.0
index_5820,3.0
index_5821,1.0
index_5822,5.0
index_5823,5.0
index_5824,1.0
index_5825,3.0
index_5826,4.0
index_5827,5.0
index_5828,5.0
index_5829,4.0
index_5830,4.0
index_5831,4.0
index_5832,1.0
index_5833,5.0
index_5834,4.0
index_5835,4.0
index_5836,5.0
index_5837,3.0
index_5838,3.0
index_5839,3.0
index_5840,2.0
index_5841,5.0
index_5842,3.0
index_5843,5.0
index_5844,2.0
index_5845,1.0
index_5846,2.0
index_5847,3.0
index_5848,3.0
index_5849,1.0
index_5850,4.0
index_5851,3.0
index_5852,3.0
index_5853,3.0
index_5854,2.0
index_5855,5.0
index_5856,1.0
index_5857,3.0
index_5858,2.0
index_5859,5.0
index_5860,1.0
index_5861,5.0
index_5862,5.0
index_5863,2.0
index_5864,4.0
index_5865,1.0
index_5866,5.0
index_5867,4.0
index_5868,3.0
index_5869,1.0
index_5870,1.0
index_5871,3.0
index_5872,3.0
index_5873,3.0
index_5874,5.0
index_5875,5.0
index_5876,1.0
index_5877,4.0
index_5878,5.0
index_5879,1.0
index_5880,2.0
index_5881,4.0
index_5882,5.0
index_5883,5.0
index_5884,5.0
index_5885,5.0
index_5886,2.0
index_5887,3.0
index_5888,3.0
index_5889,5.0
index_5890,4.0
index_5891,3.0
index_5892,3.0
index_5893,1.0
index_5894,2.0
index_5895,5.0
index_5896,2.0
index_5897,3.0
index_5898,5.0
index_5899,4.0
index_5900,5.0
index_5901,2.0
index_5902,1.0
index_5903,1.0
index_5904,5.0
index_5905,1.0
index_5906,5.0
index_5907,2.0
index_5908,5.0
index_5909,3.0
index_5910,5.0
index_5911,5.0
index_5912,1.0
index_5913,2.0
index_5914,5.0
index_5915,4.0
index_5916,1.0
index_5917,5.0
index_5918,4.0
index_5919,1.0
index_5920,5.0
index_5921,2.0
index_5922,4.0
index_5923,4.0
index_5924,5.0
index_5925,5.0
index_5926,1.0
index_5927,4.0
index_5928,1.0
index_5929,3.0
index_5930,3.0
index_5931,5.0
index_5932,4.0
index_5933,5.0
index_5934,2.0
index_5935,5.0
index_5936,5.0
index_5937,3.0
index_5938,2.0
index_5939,5.0
index_5940,5.0
index_5941,5.0
index_5942,2.0
index_5943,3.0
index_5944,4.0
index_5945,5.0
index_5946,5.0
index_5947,2.0
index_5948,2.0
index_5949,1.0
index_5950,2.0
index_5951,2.0
index_5952,2.0
index_5953,1.0
index_5954,2.0
index_5955,5.0
index_5956,5.0
index_5957,3.0
index_5958,3.0
index_5959,3.0
index_5960,2.0
index_5961,4.0
index_5962,2.0
index_5963,2.0
index_5964,3.0
index_5965,5.0
index_5966,3.0
index_5967,5.0
index_5968,1.0
index_5969,5.0
index_5970,2.0
index_5971,2.0
index_5972,2.0
index_5973,2.0
index_5974,2.0
index_5975,1.0
index_5976,3.0
index_5977,2.0
index_5978,3.0
index_5979,5.0
index_5980,1.0
index_5981,4.0
index_5982,2.0
index_5983,4.0
index_5984,1.0
index_5985,4.0
index_5986,2.0
index_5987,1.0
index_5988,4.0
index_5989,2.0
index_5990,2.0
index_5991,5.0
index_5992,1.0
index_5993,5.0
index_5994,1.0
index_5995,5.0
index_5996,1.0
index_5997,1.0
index_5998,4.0
index_5999,4.0
index_6000,3.0
index_6001,1.0
index_6002,1.0
index_6003,5.0
index_6004,5.0
index_6005,4.0
index_6006,5.0
index_6007,1.0
index_6008,5.0
index_6009,4.0
index_6010,3.0
index_6011,3.0
index_6012,2.0
index_6013,4.0
index_6014,3.0
index_6015,1.0
index_6016,2.0
index_6017,5.0
index_6018,5.0
index_6019,3.0
index_6020,3.0
index_6021,3.0
index_6022,4.0
index_6023,2.0
index_6024,1.0
index_6025,1.0
index_6026,5.0
index_6027,1.0
index_6028,1.0
index_6029,3.0
index_6030,3.0
index_6031,2.0
index_6032,1.0
index_6033,2.0
index_6034,4.0
index_6035,5.0
index_6036,4.0
index_6037,3.0
index_6038,2.0
index_6039,4.0
index_6040,3.0
index_6041,1.0
index_6042,2.0
index_6043,1.0
index_6044,3.0
index_6045,3.0
index_6046,5.0
index_6047,4.0
index_6048,4.0
index_6049,4.0
index_6050,2.0
index_6051,2.0
index_6052,3.0
index_6053,5.0
index_6054,2.0
index_6055,2.0
index_6056,1.0
index_6057,2.0
index_6058,4.0
index_6059,1.0
index_6060,1.0
index_6061,2.0
index_6062,1.0
index_6063,2.0
index_6064,3.0
index_6065,5.0
index_6066,1.0
index_6067,4.0
index_6068,1.0
index_6069,2.0
index_6070,4.0
index_6071,2.0
index_6072,5.0
index_6073,1.0
index_6074,3.0
index_6075,3.0
index_6076,1.0
index_6077,5.0
index_6078,1.0
index_6079,4.0
index_6080,5.0
index_6081,4.0
index_6082,4.0
index_6083,2.0
index_6084,5.0
index_6085,1.0
index_6086,5.0
index_6087,5.0
index_6088,3.0
index_6089,3.0
index_6090,4.0
index_6091,1.0
index_6092,2.0
index_6093,5.0
index_6094,4.0
index_6095,5.0
index_6096,3.0
index_6097,5.0
index_6098,1.0
index_6099,3.0
index_6100,4.0
index_6101,2.0
index_6102,4.0
index_6103,3.0
index_6104,5.0
index_6105,1.0
index_6106,1.0
index_6107,4.0
index_6108,4.0
index_6109,3.0
index_6110,5.0
index_6111,2.0
index_6112,3.0
index_6113,2.0
index_6114,4.0
index_6115,4.0
index_6116,3.0
index_6117,1.0
index_6118,1.0
index_6119,1.0
index_6120,3.0
index_6121,2.0
index_6122,3.0
index_6123,3.0
index_6124,1.0
index_6125,1.0
index_6126,1.0
index_6127,2.0
index_6128,3.0
index_6129,3.0
index_6130,3.0
index_6131,2.0
index_6132,5.0
index_6133,1.0
index_6134,3.0
index_6135,1.0
index_6136,1.0
index_6137,2.0
index_6138,1.0
index_6139,2.0
index_6140,1.0
index_6141,5.0
index_6142,2.0
index_6143,1.0
index_6144,4.0
index_6145,5.0
index_6146,2.0
index_6147,3.0
index_6148,2.0
index_6149,5.0
index_6150,3.0
index_6151,5.0
index_6152,2.0
index_6153,5.0
index_6154,4.0
index_6155,3.0
index_6156,1.0
index_6157,2.0
index_6158,5.0
index_6159,3.0
index_6160,3.0
index_6161,5.0
index_6162,1.0
index_6163,5.0
index_6164,2.0
index_6165,2.0
index_6166,3.0
index_6167,4.0
index_6168,5.0
index_6169,1.0
index_6170,5.0
index_6171,2.0
index_6172,5.0
index_6173,5.0
index_6174,2.0
index_6175,1.0
index_6176,5.0
index_6177,2.0
index_6178,5.0
index_6179,2.0
index_6180,4.0
index_6181,5.0
index_6182,1.0
index_6183,5.0
index_6184,3.0
index_6185,1.0
index_6186,4.0
index_6187,3.0
index_6188,3.0
index_6189,4.0
index_6190,1.0
index_6191,4.0
index_6192,5.0
index_6193,2.0
index_6194,1.0
index_6195,3.0
index_6196,2.0
index_6197,1.0
index_6198,5.0
index_6199,3.0
index_6200,5.0
index_6201,1.0
index_6202,2.0
index_6203,5.0
index_6204,5.0
index_6205,4.0
index_6206,3.0
index_6207,2.0
index_6208,2.0
index_6209,3.0
index_6210,2.0
index_6211,1.0
index_6212,1.0
index_6213,5.0
index_6214,3.0
index_6215,1.0
index_6216,1.0
index_6217,5.0
index_6218,3.0
index_6219,5.0
index_6220,4.0
index_6221,5.0
index_6222,3.0
index_6223,4.0
index_6224,2.0
index_6225,3.0
index_6226,5.0
index_6227,3.0
index_6228,2.0
index_6229,3.0
index_6230,5.0
index_6231,4.0
index_6232,2.0
index_6233,2.0
index_6234,2.0
index_6235,5.0
index_6236,3.0
index_6237,5.0
index_6238,1.0
index_6239,2.0
index_6240,2.0
index_6241,1.0
index_6242,2.0
index_6243,3.0
index_6244,2.0
index_6245,1.0
index_6246,5.0
index_6247,4.0
index_6248,4.0
index_6249,1.0
index_6250,4.0
index_6251,1.0
index_6252,3.0
index_6253,2.0
index_6254,5.0
index_6255,4.0
index_6256,1.0
index_6257,4.0
index_6258,5.0
index_6259,5.0
index_6260,2.0
index_6261,3.0
index_6262,1.0
index_6263,2.0
index_6264,5.0
index_6265,4.0
index_6266,3.0
index_6267,2.0
index_6268,1.0
index_6269,3.0
index_6270,1.0
index_6271,3.0
index_6272,5.0
index_6273,1.0
index_6274,2.0
index_6275,2.0
index_6276,5.0
index_6277,3.0
index_6278,3.0
index_6279,4.0
index_6280,1.0
index_6281,4.0
index_6282,2.0
index_6283,4.0
index_6284,5.0
index_6285,4.0
index_6286,1.0
index_6287,1.0
index_6288,5.0
index_6289,1.0
index_6290,4.0
index_6291,2.0
index_6292,2.0
index_6293,1.0
index_6294,3.0
index_6295,5.0
index_6296,1.0
index_6297,4.0
index_6298,5.0
index_6299,4.0
index_6300,5.0
index_6301,3.0
index_6302,2.0
index_6303,3.0
index_6304,2.0
index_6305,2.0
index_6306,1.0
index_6307,4.0
index_6308,4.0
index_6309,2.0
index_6310,1.0
index_6311,1.0
index_6312,1.0
index_6313,2.0
index_6314,3.0
index_6315,1.0
index_6316,1.0
index_6317,3.0
index_6318,3.0
index_6319,3.0
index_6320,5.0
index_6321,5.0
index_6322,1.0
index_6323,5.0
index_6324,5.0
index_6325,2.0
index_6326,2.0
index_6327,2.0
index_6328,5.0
index_6329,2.0
index_6330,2.0
index_6331,1.0
index_6332,3.0
index_6333,1.0
index_6334,4.0
index_6335,3.0
index_6336,2.0
index_6337,3.0
index_6338,3.0
index_6339,4.0
index_6340,1.0
index_6341,1.0
index_6342,1.0
index_6343,1.0
index_6344,5.0
index_6345,5.0
index_6346,2.0
index_6347,1.0
index_6348,4.0
index_6349,5.0
index_6350,3.0
index_6351,2.0
index_6352,1.0
index_6353,1.0
index_6354,2.0
index_6355,5.0
index_6356,4.0
index_6357,1.0
index_6358,3.0
index_6359,2.0
index_6360,5.0
index_6361,1.0
index_6362,3.0
index_6363,5.0
index_6364,3.0
index_6365,1.0
index_6366,4.0
index_6367,2.0
index_6368,1.0
index_6369,1.0
index_6370,1.0
index_6371,1.0
index_6372,3.0
index_6373,5.0
index_6374,4.0
index_6375,1.0
index_6376,1.0
index_6377,5.0
index_6378,5.0
index_6379,1.0
index_6380,2.0
index_6381,2.0
index_6382,5.0
index_6383,2.0
index_6384,2.0
index_6385,4.0
index_6386,2.0
index_6387,2.0
index_6388,3.0
index_6389,1.0
index_6390,1.0
index_6391,1.0
index_6392,2.0
index_6393,5.0
index_6394,5.0
index_6395,2.0
index_6396,5.0
index_6397,4.0
index_6398,1.0
index_6399,2.0
index_6400,4.0
index_6401,1.0
index_6402,1.0
index_6403,5.0
index_6404,2.0
index_6405,2.0
index_6406,5.0
index_6407,3.0
index_6408,5.0
index_6409,3.0
index_6410,2.0
index_6411,5.0
index_6412,5.0
index_6413,5.0
index_6414,3.0
index_6415,3.0
index_6416,2.0
index_6417,1.0
index_6418,3.0
index_6419,1.0
index_6420,3.0
index_6421,4.0
index_6422,4.0
index_6423,3.0
index_6424,4.0
index_6425,3.0
index_6426,3.0
index_6427,3.0
index_6428,4.0
index_6429,3.0
index_6430,1.0
index_6431,1.0
index_6432,3.0
index_6433,1.0
index_6434,4.0
index_6435,5.0
index_6436,5.0
index_6437,4.0
index_6438,2.0
index_6439,3.0
index_6440,3.0
index_6441,5.0
index_6442,3.0
index_6443,1.0
index_6444,4.0
index_6445,2.0
index_6446,5.0
index_6447,1.0
index_6448,4.0
index_6449,2.0
index_6450,5.0
index_6451,2.0
index_6452,2.0
index_6453,5.0
index_6454,5.0
index_6455,5.0
index_6456,5.0
index_6457,4.0
index_6458,5.0
index_6459,5.0
index_6460,3.0
index_6461,4.0
index_6462,3.0
index_6463,1.0
index_6464,2.0
index_6465,2.0
index_6466,2.0
index_6467,2.0
index_6468,1.0
index_6469,1.0
index_6470,4.0
index_6471,2.0
index_6472,1.0
index_6473,4.0
index_6474,1.0
index_6475,5.0
index_6476,5.0
index_6477,2.0
index_6478,2.0
index_6479,4.0
index_6480,1.0
index_6481,1.0
index_6482,5.0
index_6483,4.0
index_6484,2.0
index_6485,1.0
index_6486,2.0
index_6487,1.0
index_6488,4.0
index_6489,2.0
index_6490,1.0
index_6491,2.0
index_6492,2.0
index_6493,5.0
index_6494,3.0
index_6495,3.0
index_6496,2.0
index_6497,5.0
index_6498,3.0
index_6499,5.0
index_6500,1.0
index_6501,5.0
index_6502,3.0
index_6503,1.0
index_6504,3.0
index_6505,3.0
index_6506,4.0
index_6507,3.0
index_6508,5.0
index_6509,2.0
index_6510,2.0
index_6511,4.0
index_6512,2.0
index_6513,4.0
index_6514,1.0
index_6515,3.0
index_6516,2.0
index_6517,1.0
index_6518,1.0
index_6519,5.0
index_6520,1.0
index_6521,2.0
index_6522,4.0
index_6523,4.0
index_6524,3.0
index_6525,5.0
index_6526,2.0
index_6527,3.0
index_6528,3.0
index_6529,3.0
index_6530,2.0
index_6531,1.0
index_6532,5.0
index_6533,5.0
index_6534,5.0
index_6535,3.0
index_6536,4.0
index_6537,1.0
index_6538,1.0
index_6539,5.0
index_6540,3.0
index_6541,2.0
index_6542,4.0
index_6543,1.0
index_6544,4.0
index_6545,5.0
index_6546,3.0
index_6547,1.0
index_6548,2.0
index_6549,2.0
index_6550,4.0
index_6551,1.0
index_6552,2.0
index_6553,5.0
index_6554,1.0
index_6555,2.0
index_6556,5.0
index_6557,5.0
index_6558,4.0
index_6559,5.0
index_6560,4.0
index_6561,2.0
index_6562,5.0
index_6563,4.0
index_6564,2.0
index_6565,4.0
index_6566,2.0
index_6567,5.0
index_6568,1.0
index_6569,4.0
index_6570,2.0
index_6571,2.0
index_6572,2.0
index_6573,5.0
index_6574,5.0
index_6575,2.0
index_6576,5.0
index_6577,4.0
index_6578,4.0
index_6579,5.0
index_6580,4.0
index_6581,1.0
index_6582,2.0
index_6583,3.0
index_6584,4.0
index_6585,2.0
index_6586,5.0
index_6587,5.0
index_6588,1.0
index_6589,1.0
index_6590,3.0
index_6591,2.0
index_6592,4.0
index_6593,2.0
index_6594,4.0
index_6595,3.0
index_6596,3.0
index_6597,2.0
index_6598,2.0
index_6599,4.0
index_6600,2.0
index_6601,3.0
index_6602,5.0
index_6603,3.0
index_6604,2.0
index_6605,3.0
index_6606,5.0
index_6607,1.0
index_6608,1.0
index_6609,1.0
index_6610,5.0
index_6611,1.0
index_6612,2.0
index_6613,2.0
index_6614,1.0
index_6615,2.0
index_6616,3.0
index_6617,2.0
index_6618,5.0
index_6619,3.0
index_6620,5.0
index_6621,1.0
index_6622,5.0
index_6623,2.0
index_6624,1.0
index_6625,5.0
index_6626,5.0
index_6627,5.0
index_6628,4.0
index_6629,1.0
index_6630,1.0
index_6631,3.0
index_6632,5.0
index_6633,1.0
index_6634,2.0
index_6635,3.0
index_6636,3.0
index_6637,5.0
index_6638,3.0
index_6639,1.0
index_6640,3.0
index_6641,1.0
index_6642,3.0
index_6643,5.0
index_6644,1.0
index_6645,2.0
index_6646,1.0
index_6647,2.0
index_6648,5.0
index_6649,2.0
index_6650,5.0
index_6651,5.0
index_6652,5.0
index_6653,4.0
index_6654,3.0
index_6655,4.0
index_6656,5.0
index_6657,2.0
index_6658,5.0
index_6659,3.0
index_6660,4.0
index_6661,1.0
index_6662,1.0
index_6663,1.0
index_6664,4.0
index_6665,3.0
index_6666,1.0
index_6667,1.0
index_6668,1.0
index_6669,3.0
index_6670,1.0
index_6671,3.0
index_6672,2.0
index_6673,1.0
index_6674,5.0
index_6675,2.0
index_6676,3.0
index_6677,5.0
index_6678,2.0
index_6679,1.0
index_6680,4.0
index_6681,3.0
index_6682,1.0
index_6683,4.0
index_6684,1.0
index_6685,1.0
index_6686,1.0
index_6687,3.0
index_6688,4.0
index_6689,4.0
index_6690,1.0
index_6691,3.0
index_6692,1.0
index_6693,2.0
index_6694,5.0
index_6695,5.0
index_6696,1.0
index_6697,5.0
index_6698,2.0
index_6699,1.0
index_6700,3.0
index_6701,4.0
index_6702,4.0
index_6703,3.0
index_6704,5.0
index_6705,2.0
index_6706,5.0
index_6707,4.0
index_6708,1.0
index_6709,3.0
index_6710,1.0
index_6711,3.0
index_6712,1.0
index_6713,4.0
index_6714,1.0
index_6715,3.0
index_6716,5.0
index_6717,3.0
index_6718,2.0
index_6719,4.0
index_6720,2.0
index_6721,3.0
index_6722,3.0
index_6723,5.0
index_6724,3.0
index_6725,4.0
index_6726,5.0
index_6727,5.0
index_6728,4.0
index_6729,5.0
index_6730,1.0
index_6731,3.0
index_6732,4.0
index_6733,2.0
index_6734,2.0
index_6735,3.0
index_6736,1.0
index_6737,4.0
index_6738,5.0
index_6739,1.0
index_6740,4.0
index_6741,3.0
index_6742,5.0
index_6743,3.0
index_6744,4.0
index_6745,3.0
index_6746,3.0
index_6747,5.0
index_6748,2.0
index_6749,3.0
index_6750,2.0
index_6751,5.0
index_6752,1.0
index_6753,4.0
index_6754,3.0
index_6755,3.0
index_6756,4.0
index_6757,3.0
index_6758,3.0
index_6759,3.0
index_6760,5.0
index_6761,3.0
index_6762,3.0
index_6763,5.0
index_6764,3.0
index_6765,1.0
index_6766,2.0
index_6767,1.0
index_6768,2.0
index_6769,2.0
index_6770,5.0
index_6771,2.0
index_6772,1.0
index_6773,5.0
index_6774,2.0
index_6775,2.0
index_6776,3.0
index_6777,3.0
index_6778,2.0
index_6779,5.0
index_6780,3.0
index_6781,3.0
index_6782,1.0
index_6783,5.0
index_6784,5.0
index_6785,3.0
index_6786,2.0
index_6787,3.0
index_6788,5.0
index_6789,4.0
index_6790,2.0
index_6791,2.0
index_6792,4.0
index_6793,3.0
index_6794,3.0
index_6795,3.0
index_6796,2.0
index_6797,4.0
index_6798,5.0
index_6799,5.0
index_6800,3.0
index_6801,4.0
index_6802,5.0
index_6803,4.0
index_6804,4.0
index_6805,3.0
index_6806,5.0
index_6807,4.0
index_6808,5.0
index_6809,5.0
index_6810,3.0
index_6811,2.0
index_6812,2.0
index_6813,2.0
index_6814,5.0
index_6815,1.0
index_6816,5.0
index_6817,5.0
index_6818,4.0
index_6819,3.0
index_6820,1.0
index_6821,5.0
index_6822,4.0
index_6823,5.0
index_6824,2.0
index_6825,5.0
index_6826,5.0
index_6827,5.0
index_6828,3.0
index_6829,2.0
index_6830,1.0
index_6831,3.0
index_6832,1.0
index_6833,1.0
index_6834,5.0
index_6835,2.0
index_6836,1.0
index_6837,1.0
index_6838,2.0
index_6839,2.0
index_6840,1.0
index_6841,2.0
index_6842,4.0
index_6843,2.0
index_6844,3.0
index_6845,2.0
index_6846,2.0
index_6847,5.0
index_6848,1.0
index_6849,4.0
index_6850,5.0
index_6851,3.0
index_6852,2.0
index_6853,3.0
index_6854,4.0
index_6855,2.0
index_6856,2.0
index_6857,1.0
index_6858,1.0
index_6859,2.0
index_6860,5.0
index_6861,3.0
index_6862,1.0
index_6863,1.0
index_6864,5.0
index_6865,2.0
index_6866,5.0
index_6867,4.0
index_6868,1.0
index_6869,5.0
index_6870,1.0
index_6871,1.0
index_6872,1.0
index_6873,5.0
index_6874,3.0
index_6875,2.0
index_6876,3.0
index_6877,5.0
index_6878,5.0
index_6879,3.0
index_6880,5.0
index_6881,3.0
index_6882,2.0
index_6883,1.0
index_6884,4.0
index_6885,1.0
index_6886,3.0
index_6887,3.0
index_6888,2.0
index_6889,5.0
index_6890,2.0
index_6891,5.0
index_6892,2.0
index_6893,2.0
index_6894,3.0
index_6895,2.0
index_6896,4.0
index_6897,1.0
index_6898,1.0
index_6899,5.0
index_6900,1.0
index_6901,2.0
index_6902,5.0
index_6903,2.0
index_6904,1.0
index_6905,1.0
index_6906,1.0
index_6907,5.0
index_6908,3.0
index_6909,3.0
index_6910,3.0
index_6911,2.0
index_6912,1.0
index_6913,1.0
index_6914,4.0
index_6915,2.0
index_6916,3.0
index_6917,1.0
index_6918,2.0
index_6919,2.0
index_6920,4.0
index_6921,3.0
index_6922,5.0
index_6923,5.0
index_6924,3.0
index_6925,5.0
index_6926,1.0
index_6927,1.0
index_6928,3.0
index_6929,3.0
index_6930,5.0
index_6931,1.0
index_6932,3.0
index_6933,3.0
index_6934,1.0
index_6935,5.0
index_6936,5.0
index_6937,5.0
index_6938,4.0
index_6939,2.0
index_6940,5.0
index_6941,3.0
index_6942,5.0
index_6943,3.0
index_6944,5.0
index_6945,2.0
index_6946,5.0
index_6947,5.0
index_6948,5.0
index_6949,5.0
index_6950,4.0
index_6951,1.0
index_6952,4.0
index_6953,3.0
index_6954,1.0
index_6955,5.0
index_6956,4.0
index_6957,5.0
index_6958,5.0
index_6959,4.0
index_6960,2.0
index_6961,5.0
index_6962,4.0
index_6963,1.0
index_6964,3.0
index_6965,2.0
index_6966,3.0
index_6967,3.0
index_6968,5.0
index_6969,3.0
index_6970,1.0
index_6971,5.0
index_6972,1.0
index_6973,3.0
index_6974,2.0
index_6975,3.0
index_6976,1.0
index_6977,2.0
index_6978,3.0
index_6979,4.0
index_6980,3.0
index_6981,2.0
index_6982,5.0
index_6983,5.0
index_6984,1.0
index_6985,5.0
index_6986,5.0
index_6987,2.0
index_6988,2.0
index_6989,5.0
index_6990,5.0
index_6991,2.0
index_6992,1.0
index_6993,2.0
index_6994,1.0
index_6995,5.0
index_6996,5.0
index_6997,5.0
index_6998,1.0
index_6999,1.0
index_7000,2.0
index_7001,3.0
index_7002,5.0
index_7003,1.0
index_7004,1.0
index_7005,2.0
index_7006,3.0
index_7007,2.0
index_7008,1.0
index_7009,1.0
index_7010,3.0
index_7011,2.0
index_7012,3.0
index_7013,3.0
index_7014,4.0
index_7015,1.0
index_7016,3.0
index_7017,5.0
index_7018,3.0
index_7019,4.0
index_7020,2.0
index_7021,4.0
index_7022,1.0
index_7023,4.0
index_7024,2.0
index_7025,2.0
index_7026,2.0
index_7027,5.0
index_7028,1.0
index_7029,1.0
index_7030,5.0
index_7031,1.0
index_7032,2.0
index_7033,1.0
index_7034,5.0
index_7035,1.0
index_7036,3.0
index_7037,3.0
index_7038,3.0
index_7039,3.0
index_7040,3.0
index_7041,2.0
index_7042,5.0
index_7043,1.0
index_7044,3.0
index_7045,2.0
index_7046,1.0
index_7047,2.0
index_7048,2.0
index_7049,4.0
index_7050,2.0
index_7051,2.0
index_7052,5.0
index_7053,3.0
index_7054,4.0
index_7055,5.0
index_7056,3.0
index_7057,3.0
index_7058,5.0
index_7059,3.0
index_7060,4.0
index_7061,5.0
index_7062,4.0
index_7063,2.0
index_7064,5.0
index_7065,2.0
index_7066,1.0
index_7067,2.0
index_7068,1.0
index_7069,1.0
index_7070,1.0
index_7071,4.0
index_7072,5.0
index_7073,3.0
index_7074,4.0
index_7075,4.0
index_7076,5.0
index_7077,5.0
index_7078,1.0
index_7079,1.0
index_7080,5.0
index_7081,4.0
index_7082,2.0
index_7083,2.0
index_7084,1.0
index_7085,5.0
index_7086,2.0
index_7087,4.0
index_7088,4.0
index_7089,1.0
index_7090,4.0
index_7091,5.0
index_7092,4.0
index_7093,4.0
index_7094,1.0
index_7095,3.0
index_7096,1.0
index_7097,3.0
index_7098,5.0
index_7099,4.0
index_7100,1.0
index_7101,1.0
index_7102,3.0
index_7103,5.0
index_7104,5.0
index_7105,1.0
index_7106,1.0
index_7107,1.0
index_7108,5.0
index_7109,2.0
index_7110,3.0
index_7111,5.0
index_7112,4.0
index_7113,1.0
index_7114,5.0
index_7115,3.0
index_7116,4.0
index_7117,4.0
index_7118,5.0
index_7119,2.0
index_7120,5.0
index_7121,4.0
index_7122,1.0
index_7123,3.0
index_7124,5.0
index_7125,3.0
index_7126,2.0
index_7127,5.0
index_7128,3.0
index_7129,2.0
index_7130,1.0
index_7131,4.0
index_7132,5.0
index_7133,3.0
index_7134,5.0
index_7135,5.0
index_7136,2.0
index_7137,3.0
index_7138,4.0
index_7139,2.0
index_7140,2.0
index_7141,4.0
index_7142,5.0
index_7143,1.0
index_7144,4.0
index_7145,4.0
index_7146,2.0
index_7147,5.0
index_7148,1.0
index_7149,5.0
index_7150,2.0
index_7151,2.0
index_7152,1.0
index_7153,1.0
index_7154,3.0
index_7155,3.0
index_7156,4.0
index_7157,1.0
index_7158,2.0
index_7159,4.0
index_7160,5.0
index_7161,3.0
index_7162,5.0
index_7163,2.0
index_7164,2.0
index_7165,3.0
index_7166,5.0
index_7167,1.0
index_7168,3.0
index_7169,4.0
index_7170,5.0
index_7171,5.0
index_7172,2.0
index_7173,3.0
index_7174,2.0
index_7175,3.0
index_7176,3.0
index_7177,3.0
index_7178,1.0
index_7179,1.0
index_7180,1.0
index_7181,5.0
index_7182,3.0
index_7183,1.0
index_7184,1.0
index_7185,3.0
index_7186,4.0
index_7187,1.0
index_7188,5.0
index_7189,2.0
index_7190,4.0
index_7191,5.0
index_7192,5.0
index_7193,4.0
index_7194,3.0
index_7195,1.0
index_7196,5.0
index_7197,5.0
index_7198,4.0
index_7199,4.0
index_7200,3.0
index_7201,3.0
index_7202,2.0
index_7203,3.0
index_7204,1.0
index_7205,5.0
index_7206,2.0
index_7207,2.0
index_7208,1.0
index_7209,4.0
index_7210,3.0
index_7211,2.0
index_7212,4.0
index_7213,5.0
index_7214,2.0
index_7215,3.0
index_7216,1.0
index_7217,1.0
index_7218,4.0
index_7219,1.0
index_7220,2.0
index_7221,1.0
index_7222,1.0
index_7223,2.0
index_7224,5.0
index_7225,1.0
index_7226,1.0
index_7227,3.0
index_7228,3.0
index_7229,4.0
index_7230,4.0
index_7231,2.0
index_7232,2.0
index_7233,4.0
index_7234,1.0
index_7235,4.0
index_7236,5.0
index_7237,5.0
index_7238,1.0
index_7239,2.0
index_7240,3.0
index_7241,3.0
index_7242,1.0
index_7243,5.0
index_7244,1.0
index_7245,3.0
index_7246,2.0
index_7247,5.0
index_7248,5.0
index_7249,3.0
index_7250,1.0
index_7251,1.0
index_7252,1.0
index_7253,5.0
index_7254,3.0
index_7255,1.0
index_7256,5.0
index_7257,1.0
index_7258,4.0
index_7259,3.0
index_7260,2.0
index_7261,5.0
index_7262,1.0
index_7263,3.0
index_7264,4.0
index_7265,4.0
index_7266,3.0
index_7267,2.0
index_7268,2.0
index_7269,5.0
index_7270,5.0
index_7271,3.0
index_7272,3.0
index_7273,1.0
index_7274,1.0
index_7275,2.0
index_7276,2.0
index_7277,2.0
index_7278,2.0
index_7279,5.0
index_7280,1.0
index_7281,1.0
index_7282,1.0
index_7283,3.0
index_7284,2.0
index_7285,3.0
index_7286,4.0
index_7287,4.0
index_7288,4.0
index_7289,4.0
index_7290,4.0
index_7291,4.0
index_7292,5.0
index_7293,1.0
index_7294,5.0
index_7295,3.0
index_7296,1.0
index_7297,3.0
index_7298,3.0
index_7299,5.0
index_7300,4.0
index_7301,2.0
index_7302,5.0
index_7303,3.0
index_7304,3.0
index_7305,3.0
index_7306,5.0
index_7307,3.0
index_7308,5.0
index_7309,5.0
index_7310,4.0
index_7311,5.0
index_7312,1.0
index_7313,2.0
index_7314,2.0
index_7315,4.0
index_7316,3.0
index_7317,5.0
index_7318,2.0
index_7319,5.0
index_7320,5.0
index_7321,1.0
index_7322,1.0
index_7323,1.0
index_7324,3.0
index_7325,3.0
index_7326,2.0
index_7327,5.0
index_7328,4.0
index_7329,1.0
index_7330,2.0
index_7331,5.0
index_7332,2.0
index_7333,1.0
index_7334,5.0
index_7335,1.0
index_7336,5.0
index_7337,5.0
index_7338,2.0
index_7339,4.0
index_7340,5.0
index_7341,3.0
index_7342,5.0
index_7343,1.0
index_7344,1.0
index_7345,3.0
index_7346,2.0
index_7347,5.0
index_7348,2.0
index_7349,5.0
index_7350,4.0
index_7351,4.0
index_7352,2.0
index_7353,4.0
index_7354,2.0
index_7355,5.0
index_7356,4.0
index_7357,3.0
index_7358,1.0
index_7359,4.0
index_7360,5.0
index_7361,5.0
index_7362,3.0
index_7363,2.0
index_7364,1.0
index_7365,5.0
index_7366,1.0
index_7367,3.0
index_7368,4.0
index_7369,2.0
index_7370,5.0
index_7371,1.0
index_7372,4.0
index_7373,5.0
index_7374,4.0
index_7375,2.0
index_7376,2.0
index_7377,1.0
index_7378,3.0
index_7379,2.0
index_7380,3.0
index_7381,3.0
index_7382,3.0
index_7383,2.0
index_7384,5.0
index_7385,4.0
index_7386,1.0
index_7387,1.0
index_7388,1.0
index_7389,3.0
index_7390,5.0
index_7391,1.0
index_7392,2.0
index_7393,1.0
index_7394,2.0
index_7395,2.0
index_7396,3.0
index_7397,2.0
index_7398,1.0
index_7399,1.0
index_7400,5.0
index_7401,2.0
index_7402,1.0
index_7403,3.0
index_7404,2.0
index_7405,1.0
index_7406,2.0
index_7407,1.0
index_7408,1.0
index_7409,5.0
index_7410,1.0
index_7411,2.0
index_7412,3.0
index_7413,2.0
index_7414,1.0
index_7415,5.0
index_7416,3.0
index_7417,3.0
index_7418,2.0
index_7419,3.0
index_7420,4.0
index_7421,3.0
index_7422,4.0
index_7423,1.0
index_7424,1.0
index_7425,2.0
index_7426,2.0
index_7427,5.0
index_7428,5.0
index_7429,3.0
index_7430,3.0
index_7431,4.0
index_7432,3.0
index_7433,2.0
index_7434,5.0
index_7435,5.0
index_7436,5.0
index_7437,5.0
index_7438,3.0
index_7439,1.0
index_7440,1.0
index_7441,3.0
index_7442,2.0
index_7443,4.0
index_7444,5.0
index_7445,5.0
index_7446,3.0
index_7447,4.0
index_7448,4.0
index_7449,3.0
index_7450,5.0
index_7451,2.0
index_7452,1.0
index_7453,4.0
index_7454,1.0
index_7455,1.0
index_7456,2.0
index_7457,3.0
index_7458,1.0
index_7459,1.0
index_7460,1.0
index_7461,3.0
index_7462,3.0
index_7463,1.0
index_7464,5.0
index_7465,2.0
index_7466,3.0
index_7467,5.0
index_7468,4.0
index_7469,2.0
index_7470,4.0
index_7471,2.0
index_7472,1.0
index_7473,3.0
index_7474,1.0
index_7475,2.0
index_7476,5.0
index_7477,2.0
index_7478,1.0
index_7479,4.0
index_7480,1.0
index_7481,3.0
index_7482,5.0
index_7483,4.0
index_7484,1.0
index_7485,5.0
index_7486,3.0
index_7487,3.0
index_7488,3.0
index_7489,5.0
index_7490,2.0
index_7491,5.0
index_7492,3.0
index_7493,3.0
index_7494,5.0
index_7495,4.0
index_7496,1.0
index_7497,5.0
index_7498,1.0
index_7499,3.0
index_7500,1.0
index_7501,5.0
index_7502,5.0
index_7503,2.0
index_7504,5.0
index_7505,5.0
index_7506,3.0
index_7507,2.0
index_7508,3.0
index_7509,3.0
index_7510,1.0
index_7511,5.0
index_7512,5.0
index_7513,1.0
index_7514,5.0
index_7515,5.0
index_7516,5.0
index_7517,1.0
index_7518,2.0
index_7519,4.0
index_7520,3.0
index_7521,3.0
index_7522,4.0
index_7523,5.0
index_7524,1.0
index_7525,4.0
index_7526,1.0
index_7527,5.0
index_7528,4.0
index_7529,1.0
index_7530,5.0
index_7531,3.0
index_7532,3.0
index_7533,5.0
index_7534,2.0
index_7535,4.0
index_7536,5.0
index_7537,3.0
index_7538,1.0
index_7539,2.0
index_7540,1.0
index_7541,1.0
index_7542,3.0
index_7543,2.0
index_7544,3.0
index_7545,1.0
index_7546,2.0
index_7547,3.0
index_7548,2.0
index_7549,4.0
index_7550,2.0
index_7551,4.0
index_7552,3.0
index_7553,2.0
index_7554,1.0
index_7555,1.0
index_7556,1.0
index_7557,1.0
index_7558,1.0
index_7559,2.0
index_7560,2.0
index_7561,2.0
index_7562,1.0
index_7563,5.0
index_7564,5.0
index_7565,4.0
index_7566,2.0
index_7567,1.0
index_7568,3.0
index_7569,1.0
index_7570,3.0
index_7571,5.0
index_7572,2.0
index_7573,3.0
index_7574,4.0
index_7575,3.0
index_7576,4.0
index_7577,4.0
index_7578,4.0
index_7579,2.0
index_7580,1.0
index_7581,1.0
index_7582,5.0
index_7583,3.0
index_7584,2.0
index_7585,4.0
index_7586,5.0
index_7587,5.0
index_7588,2.0
index_7589,1.0
index_7590,2.0
index_7591,5.0
index_7592,5.0
index_7593,2.0
index_7594,2.0
index_7595,1.0
index_7596,4.0
index_7597,1.0
index_7598,4.0
index_7599,1.0
index_7600,4.0
index_7601,2.0
index_7602,2.0
index_7603,1.0
index_7604,4.0
index_7605,4.0
index_7606,2.0
index_7607,5.0
index_7608,4.0
index_7609,2.0
index_7610,1.0
index_7611,1.0
index_7612,4.0
index_7613,3.0
index_7614,2.0
index_7615,1.0
index_7616,2.0
index_7617,2.0
index_7618,4.0
index_7619,3.0
index_7620,5.0
index_7621,4.0
index_7622,5.0
index_7623,1.0
index_7624,4.0
index_7625,4.0
index_7626,1.0
index_7627,5.0
index_7628,3.0
index_7629,4.0
index_7630,5.0
index_7631,2.0
index_7632,1.0
index_7633,5.0
index_7634,1.0
index_7635,1.0
index_7636,1.0
index_7637,1.0
index_7638,2.0
index_7639,5.0
index_7640,1.0
index_7641,1.0
index_7642,5.0
index_7643,5.0
index_7644,5.0
index_7645,3.0
index_7646,3.0
index_7647,1.0
index_7648,5.0
index_7649,5.0
index_7650,3.0
index_7651,1.0
index_7652,5.0
index_7653,2.0
index_7654,1.0
index_7655,2.0
index_7656,2.0
index_7657,5.0
index_7658,4.0
index_7659,5.0
index_7660,4.0
index_7661,5.0
index_7662,3.0
index_7663,1.0
index_7664,5.0
index_7665,2.0
index_7666,4.0
index_7667,5.0
index_7668,4.0
index_7669,1.0
index_7670,4.0
index_7671,5.0
index_7672,5.0
index_7673,1.0
index_7674,1.0
index_7675,3.0
index_7676,3.0
index_7677,2.0
index_7678,5.0
index_7679,1.0
index_7680,5.0
index_7681,3.0
index_7682,4.0
index_7683,3.0
index_7684,5.0
index_7685,3.0
index_7686,1.0
index_7687,2.0
index_7688,1.0
index_7689,1.0
index_7690,3.0
index_7691,5.0
index_7692,4.0
index_7693,2.0
index_7694,5.0
index_7695,2.0
index_7696,2.0
index_7697,5.0
index_7698,3.0
index_7699,5.0
index_7700,3.0
index_7701,1.0
index_7702,1.0
index_7703,3.0
index_7704,3.0
index_7705,2.0
index_7706,5.0
index_7707,1.0
index_7708,2.0
index_7709,1.0
index_7710,1.0
index_7711,1.0
index_7712,1.0
index_7713,5.0
index_7714,1.0
index_7715,5.0
index_7716,4.0
index_7717,5.0
index_7718,1.0
index_7719,5.0
index_7720,1.0
index_7721,3.0
index_7722,1.0
index_7723,5.0
index_7724,1.0
index_7725,4.0
index_7726,5.0
index_7727,2.0
index_7728,1.0
index_7729,1.0
index_7730,5.0
index_7731,4.0
index_7732,3.0
index_7733,3.0
index_7734,1.0
index_7735,4.0
index_7736,3.0
index_7737,2.0
index_7738,5.0
index_7739,4.0
index_7740,2.0
index_7741,5.0
index_7742,5.0
index_7743,5.0
index_7744,1.0
index_7745,3.0
index_7746,2.0
index_7747,3.0
index_7748,3.0
index_7749,1.0
index_7750,2.0
index_7751,5.0
index_7752,3.0
index_7753,5.0
index_7754,4.0
index_7755,3.0
index_7756,4.0
index_7757,3.0
index_7758,4.0
index_7759,5.0
index_7760,1.0
index_7761,1.0
index_7762,1.0
index_7763,2.0
index_7764,4.0
index_7765,2.0
index_7766,4.0
index_7767,5.0
index_7768,3.0
index_7769,5.0
index_7770,5.0
index_7771,3.0
index_7772,2.0
index_7773,4.0
index_7774,3.0
index_7775,5.0
index_7776,5.0
index_7777,1.0
index_7778,5.0
index_7779,2.0
index_7780,5.0
index_7781,4.0
index_7782,5.0
index_7783,2.0
index_7784,1.0
index_7785,5.0
index_7786,2.0
index_7787,3.0
index_7788,4.0
index_7789,5.0
index_7790,3.0
index_7791,5.0
index_7792,5.0
index_7793,3.0
index_7794,1.0
index_7795,1.0
index_7796,4.0
index_7797,3.0
index_7798,1.0
index_7799,2.0
index_7800,2.0
index_7801,4.0
index_7802,1.0
index_7803,2.0
index_7804,1.0
index_7805,2.0
index_7806,2.0
index_7807,2.0
index_7808,1.0
index_7809,2.0
index_7810,2.0
index_7811,5.0
index_7812,5.0
index_7813,2.0
index_7814,5.0
index_7815,3.0
index_7816,1.0
index_7817,1.0
index_7818,1.0
index_7819,4.0
index_7820,2.0
index_7821,1.0
index_7822,2.0
index_7823,2.0
index_7824,4.0
index_7825,2.0
index_7826,3.0
index_7827,4.0
index_7828,5.0
index_7829,4.0
index_7830,4.0
index_7831,4.0
index_7832,3.0
index_7833,5.0
index_7834,4.0
index_7835,1.0
index_7836,4.0
index_7837,1.0
index_7838,3.0
index_7839,1.0
index_7840,3.0
index_7841,1.0
index_7842,2.0
index_7843,2.0
index_7844,2.0
index_7845,1.0
index_7846,1.0
index_7847,1.0
index_7848,1.0
index_7849,5.0
index_7850,1.0
index_7851,3.0
index_7852,1.0
index_7853,2.0
index_7854,4.0
index_7855,1.0
index_7856,2.0
index_7857,5.0
index_7858,3.0
index_7859,4.0
index_7860,1.0
index_7861,5.0
index_7862,4.0
index_7863,5.0
index_7864,4.0
index_7865,3.0
index_7866,1.0
index_7867,1.0
index_7868,1.0
index_7869,2.0
index_7870,4.0
index_7871,5.0
index_7872,5.0
index_7873,4.0
index_7874,2.0
index_7875,5.0
index_7876,2.0
index_7877,3.0
index_7878,5.0
index_7879,2.0
index_7880,1.0
index_7881,5.0
index_7882,1.0
index_7883,4.0
index_7884,2.0
index_7885,1.0
index_7886,4.0
index_7887,3.0
index_7888,1.0
index_7889,1.0
index_7890,5.0
index_7891,2.0
index_7892,1.0
index_7893,3.0
index_7894,2.0
index_7895,2.0
index_7896,4.0
index_7897,2.0
index_7898,4.0
index_7899,2.0
index_7900,5.0
index_7901,5.0
index_7902,2.0
index_7903,3.0
index_7904,5.0
index_7905,4.0
index_7906,5.0
index_7907,3.0
index_7908,5.0
index_7909,5.0
index_7910,4.0
index_7911,4.0
index_7912,5.0
index_7913,4.0
index_7914,4.0
index_7915,5.0
index_7916,1.0
index_7917,3.0
index_7918,3.0
index_7919,4.0
index_7920,4.0
index_7921,4.0
index_7922,2.0
index_7923,3.0
index_7924,5.0
index_7925,2.0
index_7926,2.0
index_7927,1.0
index_7928,3.0
index_7929,4.0
index_7930,1.0
index_7931,3.0
index_7932,1.0
index_7933,4.0
index_7934,5.0
index_7935,2.0
index_7936,4.0
index_7937,4.0
index_7938,2.0
index_7939,5.0
index_7940,5.0
index_7941,2.0
index_7942,2.0
index_7943,5.0
index_7944,1.0
index_7945,4.0
index_7946,1.0
index_7947,4.0
index_7948,1.0
index_7949,4.0
index_7950,5.0
index_7951,5.0
index_7952,2.0
index_7953,2.0
index_7954,4.0
index_7955,3.0
index_7956,1.0
index_7957,4.0
index_7958,3.0
index_7959,3.0
index_7960,3.0
index_7961,3.0
index_7962,4.0
index_7963,2.0
index_7964,2.0
index_7965,3.0
index_7966,1.0
index_7967,3.0
index_7968,3.0
index_7969,5.0
index_7970,4.0
index_7971,5.0
index_7972,4.0
index_7973,4.0
index_7974,3.0
index_7975,2.0
index_7976,3.0
index_7977,5.0
index_7978,2.0
index_7979,4.0
index_7980,2.0
index_7981,2.0
index_7982,3.0
index_7983,5.0
index_7984,5.0
index_7985,1.0
index_7986,2.0
index_7987,2.0
index_7988,3.0
index_7989,3.0
index_7990,1.0
index_7991,2.0
index_7992,5.0
index_7993,4.0
index_7994,2.0
index_7995,5.0
index_7996,1.0
index_7997,1.0
index_7998,2.0
index_7999,3.0
index_8000,1.0
index_8001,3.0
index_8002,2.0
index_8003,1.0
index_8004,2.0
index_8005,5.0
index_8006,3.0
index_8007,4.0
index_8008,5.0
index_8009,4.0
index_8010,4.0
index_8011,4.0
index_8012,5.0
index_8013,3.0
index_8014,1.0
index_8015,2.0
index_8016,2.0
index_8017,5.0
index_8018,4.0
index_8019,2.0
index_8020,5.0
index_8021,3.0
index_8022,2.0
index_8023,5.0
index_8024,1.0
index_8025,1.0
index_8026,1.0
index_8027,3.0
index_8028,2.0
index_8029,1.0
index_8030,3.0
index_8031,3.0
index_8032,5.0
index_8033,2.0
index_8034,1.0
index_8035,2.0
index_8036,5.0
index_8037,3.0
index_8038,2.0
index_8039,1.0
index_8040,1.0
index_8041,1.0
index_8042,3.0
index_8043,4.0
index_8044,3.0
index_8045,1.0
index_8046,5.0
index_8047,3.0
index_8048,5.0
index_8049,3.0
index_8050,4.0
index_8051,2.0
index_8052,1.0
index_8053,3.0
index_8054,1.0
index_8055,1.0
index_8056,1.0
index_8057,3.0
index_8058,2.0
index_8059,2.0
index_8060,5.0
index_8061,2.0
index_8062,4.0
index_8063,2.0
index_8064,3.0
index_8065,5.0
index_8066,1.0
index_8067,5.0
index_8068,4.0
index_8069,2.0
index_8070,3.0
index_8071,1.0
index_8072,3.0
index_8073,5.0
index_8074,3.0
index_8075,5.0
index_8076,5.0
index_8077,2.0
index_8078,2.0
index_8079,1.0
index_8080,3.0
index_8081,1.0
index_8082,1.0
index_8083,5.0
index_8084,1.0
index_8085,4.0
index_8086,2.0
index_8087,4.0
index_8088,4.0
index_8089,5.0
index_8090,3.0
index_8091,1.0
index_8092,5.0
index_8093,1.0
index_8094,1.0
index_8095,3.0
index_8096,2.0
index_8097,5.0
index_8098,4.0
index_8099,3.0
index_8100,5.0
index_8101,1.0
index_8102,2.0
index_8103,3.0
index_8104,4.0
index_8105,3.0
index_8106,4.0
index_8107,1.0
index_8108,5.0
index_8109,5.0
index_8110,4.0
index_8111,3.0
index_8112,5.0
index_8113,2.0
index_8114,4.0
index_8115,3.0
index_8116,1.0
index_8117,3.0
index_8118,1.0
index_8119,4.0
index_8120,1.0
index_8121,4.0
index_8122,2.0
index_8123,4.0
index_8124,1.0
index_8125,2.0
index_8126,4.0
index_8127,3.0
index_8128,5.0
index_8129,4.0
index_8130,1.0
index_8131,1.0
index_8132,2.0
index_8133,3.0
index_8134,1.0
index_8135,2.0
index_8136,3.0
index_8137,5.0
index_8138,4.0
index_8139,2.0
index_8140,5.0
index_8141,5.0
index_8142,5.0
index_8143,5.0
index_8144,4.0
index_8145,5.0
index_8146,2.0
index_8147,2.0
index_8148,1.0
index_8149,4.0
index_8150,3.0
index_8151,3.0
index_8152,2.0
index_8153,1.0
index_8154,3.0
index_8155,4.0
index_8156,3.0
index_8157,5.0
index_8158,4.0
index_8159,5.0
index_8160,3.0
index_8161,2.0
index_8162,4.0
index_8163,1.0
index_8164,4.0
index_8165,5.0
index_8166,5.0
index_8167,1.0
index_8168,3.0
index_8169,3.0
index_8170,3.0
index_8171,5.0
index_8172,4.0
index_8173,1.0
index_8174,2.0
index_8175,3.0
index_8176,5.0
index_8177,2.0
index_8178,2.0
index_8179,5.0
index_8180,2.0
index_8181,1.0
index_8182,1.0
index_8183,5.0
index_8184,2.0
index_8185,1.0
index_8186,1.0
index_8187,2.0
index_8188,1.0
index_8189,4.0
index_8190,3.0
index_8191,5.0
index_8192,4.0
index_8193,2.0
index_8194,5.0
index_8195,2.0
index_8196,2.0
index_8197,5.0
index_8198,3.0
index_8199,3.0
index_8200,1.0
index_8201,3.0
index_8202,5.0
index_8203,1.0
index_8204,2.0
index_8205,5.0
index_8206,1.0
index_8207,1.0
index_8208,3.0
index_8209,5.0
index_8210,1.0
index_8211,1.0
index_8212,5.0
index_8213,2.0
index_8214,3.0
index_8215,5.0
index_8216,2.0
index_8217,1.0
index_8218,5.0
index_8219,1.0
index_8220,4.0
index_8221,3.0
index_8222,1.0
index_8223,3.0
index_8224,3.0
index_8225,3.0
index_8226,5.0
index_8227,5.0
index_8228,2.0
index_8229,1.0
index_8230,3.0
index_8231,5.0
index_8232,4.0
index_8233,3.0
index_8234,5.0
index_8235,4.0
index_8236,1.0
index_8237,1.0
index_8238,5.0
index_8239,5.0
index_8240,3.0
index_8241,3.0
index_8242,5.0
index_8243,3.0
index_8244,1.0
index_8245,2.0
index_8246,4.0
index_8247,5.0
index_8248,1.0
index_8249,3.0
index_8250,4.0
index_8251,4.0
index_8252,1.0
index_8253,5.0
index_8254,4.0
index_8255,1.0
index_8256,5.0
index_8257,1.0
index_8258,3.0
index_8259,3.0
index_8260,5.0
index_8261,1.0
index_8262,5.0
index_8263,1.0
index_8264,5.0
index_8265,1.0
index_8266,1.0
index_8267,3.0
index_8268,2.0
index_8269,4.0
index_8270,3.0
index_8271,3.0
index_8272,5.0
index_8273,3.0
index_8274,4.0
index_8275,3.0
index_8276,5.0
index_8277,1.0
index_8278,4.0
index_8279,3.0
index_8280,4.0
index_8281,4.0
index_8282,5.0
index_8283,1.0
index_8284,3.0
index_8285,5.0
index_8286,2.0
index_8287,1.0
index_8288,4.0
index_8289,5.0
index_8290,5.0
index_8291,1.0
index_8292,2.0
index_8293,3.0
index_8294,5.0
index_8295,1.0
index_8296,3.0
index_8297,5.0
index_8298,4.0
index_8299,3.0
index_8300,4.0
index_8301,3.0
index_8302,5.0
index_8303,4.0
index_8304,3.0
index_8305,2.0
index_8306,5.0
index_8307,2.0
index_8308,2.0
index_8309,3.0
index_8310,3.0
index_8311,1.0
index_8312,2.0
index_8313,4.0
index_8314,5.0
index_8315,4.0
index_8316,1.0
index_8317,1.0
index_8318,4.0
index_8319,1.0
index_8320,4.0
index_8321,3.0
index_8322,2.0
index_8323,3.0
index_8324,5.0
index_8325,5.0
index_8326,1.0
index_8327,3.0
index_8328,2.0
index_8329,4.0
index_8330,2.0
index_8331,4.0
index_8332,4.0
index_8333,2.0
index_8334,2.0
index_8335,3.0
index_8336,5.0
index_8337,3.0
index_8338,1.0
index_8339,1.0
index_8340,2.0
index_8341,2.0
index_8342,2.0
index_8343,3.0
index_8344,2.0
index_8345,4.0
index_8346,3.0
index_8347,4.0
index_8348,1.0
index_8349,3.0
index_8350,1.0
index_8351,2.0
index_8352,4.0
index_8353,2.0
index_8354,1.0
index_8355,4.0
index_8356,3.0
index_8357,1.0
index_8358,4.0
index_8359,3.0
index_8360,4.0
index_8361,5.0
index_8362,3.0
index_8363,4.0
index_8364,2.0
index_8365,1.0
index_8366,4.0
index_8367,5.0
index_8368,2.0
index_8369,4.0
index_8370,5.0
index_8371,4.0
index_8372,5.0
index_8373,4.0
index_8374,3.0
index_8375,2.0
index_8376,4.0
index_8377,3.0
index_8378,5.0
index_8379,3.0
index_8380,2.0
index_8381,5.0
index_8382,1.0
index_8383,2.0
index_8384,3.0
index_8385,4.0
index_8386,4.0
index_8387,1.0
index_8388,3.0
index_8389,2.0
index_8390,1.0
index_8391,2.0
index_8392,2.0
index_8393,5.0
index_8394,5.0
index_8395,5.0
index_8396,4.0
index_8397,1.0
index_8398,5.0
index_8399,5.0
index_8400,3.0
index_8401,2.0
index_8402,1.0
index_8403,2.0
index_8404,3.0
index_8405,3.0
index_8406,4.0
index_8407,3.0
index_8408,5.0
index_8409,5.0
index_8410,2.0
index_8411,2.0
index_8412,2.0
index_8413,3.0
index_8414,4.0
index_8415,5.0
index_8416,1.0
index_8417,3.0
index_8418,4.0
index_8419,3.0
index_8420,5.0
index_8421,3.0
index_8422,1.0
index_8423,1.0
index_8424,2.0
index_8425,3.0
index_8426,4.0
index_8427,3.0
index_8428,4.0
index_8429,4.0
index_8430,4.0
index_8431,1.0
index_8432,1.0
index_8433,5.0
index_8434,3.0
index_8435,3.0
index_8436,5.0
index_8437,1.0
index_8438,1.0
index_8439,3.0
index_8440,1.0
index_8441,2.0
index_8442,5.0
index_8443,3.0
index_8444,3.0
index_8445,4.0
index_8446,2.0
index_8447,1.0
index_8448,4.0
index_8449,3.0
index_8450,5.0
index_8451,4.0
index_8452,1.0
index_8453,4.0
index_8454,4.0
index_8455,4.0
index_8456,5.0
index_8457,5.0
index_8458,2.0
index_8459,4.0
index_8460,5.0
index_8461,4.0
index_8462,5.0
index_8463,5.0
index_8464,5.0
index_8465,5.0
index_8466,5.0
index_8467,5.0
index_8468,1.0
index_8469,5.0
index_8470,4.0
index_8471,4.0
index_8472,3.0
index_8473,1.0
index_8474,2.0
index_8475,1.0
index_8476,3.0
index_8477,1.0
index_8478,4.0
index_8479,1.0
index_8480,1.0
index_8481,3.0
index_8482,2.0
index_8483,2.0
index_8484,4.0
index_8485,1.0
index_8486,3.0
index_8487,5.0
index_8488,5.0
index_8489,5.0
index_8490,5.0
index_8491,5.0
index_8492,2.0
index_8493,5.0
index_8494,4.0
index_8495,4.0
index_8496,4.0
index_8497,4.0
index_8498,2.0
index_8499,1.0
index_8500,4.0
index_8501,3.0
index_8502,2.0
index_8503,5.0
index_8504,5.0
index_8505,3.0
index_8506,1.0
index_8507,1.0
index_8508,3.0
index_8509,2.0
index_8510,2.0
index_8511,5.0
index_8512,2.0
index_8513,1.0
index_8514,3.0
index_8515,1.0
index_8516,5.0
index_8517,4.0
index_8518,5.0
index_8519,1.0
index_8520,3.0
index_8521,2.0
index_8522,1.0
index_8523,4.0
index_8524,1.0
index_8525,3.0
index_8526,5.0
index_8527,4.0
index_8528,5.0
index_8529,1.0
index_8530,2.0
index_8531,2.0
index_8532,5.0
index_8533,2.0
index_8534,5.0
index_8535,1.0
index_8536,3.0
index_8537,2.0
index_8538,3.0
index_8539,2.0
index_8540,4.0
index_8541,2.0
index_8542,5.0
index_8543,4.0
index_8544,4.0
index_8545,4.0
index_8546,2.0
index_8547,4.0
index_8548,5.0
index_8549,2.0
index_8550,4.0
index_8551,5.0
index_8552,3.0
index_8553,1.0
index_8554,4.0
index_8555,5.0
index_8556,5.0
index_8557,2.0
index_8558,3.0
index_8559,1.0
index_8560,5.0
index_8561,3.0
index_8562,4.0
index_8563,4.0
index_8564,3.0
index_8565,3.0
index_8566,1.0
index_8567,3.0
index_8568,5.0
index_8569,3.0
index_8570,3.0
index_8571,4.0
index_8572,2.0
index_8573,1.0
index_8574,1.0
index_8575,5.0
index_8576,3.0
index_8577,3.0
index_8578,3.0
index_8579,3.0
index_8580,5.0
index_8581,5.0
index_8582,1.0
index_8583,1.0
index_8584,5.0
index_8585,1.0
index_8586,2.0
index_8587,3.0
index_8588,4.0
index_8589,5.0
index_8590,2.0
index_8591,5.0
index_8592,3.0
index_8593,1.0
index_8594,1.0
index_8595,3.0
index_8596,5.0
index_8597,3.0
index_8598,2.0
index_8599,2.0
index_8600,1.0
index_8601,5.0
index_8602,3.0
index_8603,5.0
index_8604,5.0
index_8605,3.0
index_8606,1.0
index_8607,2.0
index_8608,1.0
index_8609,5.0
index_8610,3.0
index_8611,4.0
index_8612,3.0
index_8613,2.0
index_8614,3.0
index_8615,1.0
index_8616,1.0
index_8617,2.0
index_8618,5.0
index_8619,3.0
index_8620,1.0
index_8621,5.0
index_8622,5.0
index_8623,1.0
index_8624,1.0
index_8625,1.0
index_8626,2.0
index_8627,3.0
index_8628,3.0
index_8629,2.0
index_8630,2.0
index_8631,5.0
index_8632,4.0
index_8633,1.0
index_8634,1.0
index_8635,1.0
index_8636,2.0
index_8637,5.0
index_8638,1.0
index_8639,3.0
index_8640,1.0
index_8641,1.0
index_8642,4.0
index_8643,5.0
index_8644,2.0
index_8645,3.0
index_8646,5.0
index_8647,1.0
index_8648,2.0
index_8649,4.0
index_8650,2.0
index_8651,3.0
index_8652,3.0
index_8653,5.0
index_8654,5.0
index_8655,5.0
index_8656,1.0
index_8657,3.0
index_8658,5.0
index_8659,2.0
index_8660,4.0
index_8661,4.0
index_8662,1.0
index_8663,4.0
index_8664,5.0
index_8665,2.0
index_8666,4.0
index_8667,1.0
index_8668,5.0
index_8669,5.0
index_8670,3.0
index_8671,3.0
index_8672,3.0
index_8673,5.0
index_8674,4.0
index_8675,3.0
index_8676,3.0
index_8677,4.0
index_8678,3.0
index_8679,5.0
index_8680,3.0
index_8681,5.0
index_8682,2.0
index_8683,5.0
index_8684,2.0
index_8685,3.0
index_8686,3.0
index_8687,1.0
index_8688,3.0
index_8689,1.0
index_8690,3.0
index_8691,4.0
index_8692,2.0
index_8693,5.0
index_8694,5.0
index_8695,3.0
index_8696,2.0
index_8697,1.0
index_8698,5.0
index_8699,3.0
index_8700,4.0
index_8701,5.0
index_8702,3.0
index_8703,3.0
index_8704,1.0
index_8705,5.0
index_8706,3.0
index_8707,1.0
index_8708,1.0
index_8709,3.0
index_8710,2.0
index_8711,4.0
index_8712,2.0
index_8713,4.0
index_8714,1.0
index_8715,3.0
index_8716,3.0
index_8717,2.0
index_8718,4.0
index_8719,3.0
index_8720,5.0
index_8721,2.0
index_8722,4.0
index_8723,3.0
index_8724,1.0
index_8725,3.0
index_8726,2.0
index_8727,2.0
index_8728,1.0
index_8729,5.0
index_8730,2.0
index_8731,5.0
index_8732,1.0
index_8733,4.0
index_8734,2.0
index_8735,5.0
index_8736,1.0
index_8737,1.0
index_8738,1.0
index_8739,2.0
index_8740,2.0
index_8741,4.0
index_8742,5.0
index_8743,3.0
index_8744,1.0
index_8745,3.0
index_8746,4.0
index_8747,3.0
index_8748,1.0
index_8749,5.0
index_8750,3.0
index_8751,2.0
index_8752,3.0
index_8753,3.0
index_8754,2.0
index_8755,4.0
index_8756,3.0
index_8757,5.0
index_8758,2.0
index_8759,4.0
index_8760,1.0
index_8761,1.0
index_8762,4.0
index_8763,3.0
index_8764,5.0
index_8765,4.0
index_8766,2.0
index_8767,2.0
index_8768,1.0
index_8769,2.0
index_8770,2.0
index_8771,3.0
index_8772,5.0
index_8773,4.0
index_8774,2.0
index_8775,2.0
index_8776,2.0
index_8777,4.0
index_8778,5.0
index_8779,2.0
index_8780,5.0
index_8781,4.0
index_8782,4.0
index_8783,4.0
index_8784,5.0
index_8785,3.0
index_8786,2.0
index_8787,3.0
index_8788,1.0
index_8789,4.0
index_8790,5.0
index_8791,3.0
index_8792,5.0
index_8793,1.0
index_8794,3.0
index_8795,4.0
index_8796,4.0
index_8797,4.0
index_8798,4.0
index_8799,2.0
index_8800,5.0
index_8801,2.0
index_8802,4.0
index_8803,2.0
index_8804,1.0
index_8805,1.0
index_8806,5.0
index_8807,5.0
index_8808,1.0
index_8809,5.0
index_8810,5.0
index_8811,1.0
index_8812,1.0
index_8813,1.0
index_8814,2.0
index_8815,5.0
index_8816,2.0
index_8817,3.0
index_8818,1.0
index_8819,3.0
index_8820,2.0
index_8821,5.0
index_8822,5.0
index_8823,4.0
index_8824,2.0
index_8825,4.0
index_8826,5.0
index_8827,1.0
index_8828,3.0
index_8829,3.0
index_8830,2.0
index_8831,1.0
index_8832,1.0
index_8833,3.0
index_8834,2.0
index_8835,3.0
index_8836,3.0
index_8837,4.0
index_8838,1.0
index_8839,1.0
index_8840,2.0
index_8841,3.0
index_8842,2.0
index_8843,3.0
index_8844,3.0
index_8845,1.0
index_8846,3.0
index_8847,1.0
index_8848,2.0
index_8849,5.0
index_8850,2.0
index_8851,1.0
index_8852,2.0
index_8853,3.0
index_8854,1.0
index_8855,1.0
index_8856,5.0
index_8857,2.0
index_8858,1.0
index_8859,5.0
index_8860,5.0
index_8861,5.0
index_8862,2.0
index_8863,1.0
index_8864,5.0
index_8865,2.0
index_8866,3.0
index_8867,3.0
index_8868,2.0
index_8869,4.0
index_8870,4.0
index_8871,3.0
index_8872,2.0
index_8873,5.0
index_8874,2.0
index_8875,2.0
index_8876,2.0
index_8877,2.0
index_8878,1.0
index_8879,1.0
index_8880,3.0
index_8881,2.0
index_8882,1.0
index_8883,4.0
index_8884,5.0
index_8885,4.0
index_8886,3.0
index_8887,5.0
index_8888,1.0
index_8889,1.0
index_8890,1.0
index_8891,1.0
index_8892,5.0
index_8893,1.0
index_8894,1.0
index_8895,3.0
index_8896,2.0
index_8897,4.0
index_8898,2.0
index_8899,3.0
index_8900,1.0
index_8901,2.0
index_8902,1.0
index_8903,5.0
index_8904,2.0
index_8905,2.0
index_8906,3.0
index_8907,5.0
index_8908,2.0
index_8909,5.0
index_8910,5.0
index_8911,1.0
index_8912,1.0
index_8913,3.0
index_8914,3.0
index_8915,4.0
index_8916,3.0
index_8917,3.0
index_8918,3.0
index_8919,3.0
index_8920,1.0
index_8921,1.0
index_8922,1.0
index_8923,4.0
index_8924,4.0
index_8925,5.0
index_8926,5.0
index_8927,1.0
index_8928,5.0
index_8929,2.0
index_8930,5.0
index_8931,3.0
index_8932,2.0
index_8933,1.0
index_8934,3.0
index_8935,4.0
index_8936,4.0
index_8937,5.0
index_8938,2.0
index_8939,5.0
index_8940,5.0
index_8941,1.0
index_8942,2.0
index_8943,1.0
index_8944,4.0
index_8945,1.0
index_8946,3.0
index_8947,5.0
index_8948,5.0
index_8949,5.0
index_8950,4.0
index_8951,1.0
index_8952,4.0
index_8953,5.0
index_8954,1.0
index_8955,2.0
index_8956,3.0
index_8957,4.0
index_8958,1.0
index_8959,2.0
index_8960,2.0
index_8961,2.0
index_8962,5.0
index_8963,1.0
index_8964,5.0
index_8965,1.0
index_8966,4.0
index_8967,2.0
index_8968,1.0
index_8969,2.0
index_8970,2.0
index_8971,5.0
index_8972,3.0
index_8973,1.0
index_8974,5.0
index_8975,3.0
index_8976,5.0
index_8977,4.0
index_8978,1.0
index_8979,1.0
index_8980,2.0
index_8981,5.0
index_8982,2.0
index_8983,1.0
index_8984,1.0
index_8985,5.0
index_8986,4.0
index_8987,2.0
index_8988,4.0
index_8989,5.0
index_8990,1.0
index_8991,2.0
index_8992,4.0
index_8993,4.0
index_8994,2.0
index_8995,4.0
index_8996,5.0
index_8997,4.0
index_8998,5.0
index_8999,2.0
index_9000,3.0
index_9001,1.0
index_9002,3.0
index_9003,5.0
index_9004,3.0
index_9005,2.0
index_9006,4.0
index_9007,5.0
index_9008,4.0
index_9009,2.0
index_9010,3.0
index_9011,3.0
index_9012,5.0
index_9013,3.0
index_9014,5.0
index_9015,3.0
index_9016,1.0
index_9017,4.0
index_9018,3.0
index_9019,5.0
index_9020,3.0
index_9021,5.0
index_9022,3.0
index_9023,3.0
index_9024,3.0
index_9025,1.0
index_9026,3.0
index_9027,5.0
index_9028,4.0
index_9029,3.0
index_9030,1.0
index_9031,5.0
index_9032,3.0
index_9033,2.0
index_9034,5.0
index_9035,5.0
index_9036,1.0
index_9037,3.0
index_9038,1.0
index_9039,5.0
index_9040,2.0
index_9041,1.0
index_9042,5.0
index_9043,1.0
index_9044,1.0
index_9045,3.0
index_9046,1.0
index_9047,5.0
index_9048,5.0
index_9049,3.0
index_9050,1.0
index_9051,1.0
index_9052,3.0
index_9053,1.0
index_9054,5.0
index_9055,5.0
index_9056,3.0
index_9057,2.0
index_9058,5.0
index_9059,5.0
index_9060,4.0
index_9061,4.0
index_9062,2.0
index_9063,2.0
index_9064,2.0
index_9065,1.0
index_9066,5.0
index_9067,4.0
index_9068,5.0
index_9069,2.0
index_9070,3.0
index_9071,5.0
index_9072,2.0
index_9073,3.0
index_9074,1.0
index_9075,1.0
index_9076,3.0
index_9077,5.0
index_9078,2.0
index_9079,3.0
index_9080,5.0
index_9081,3.0
index_9082,5.0
index_9083,5.0
index_9084,2.0
index_9085,1.0
index_9086,3.0
index_9087,5.0
index_9088,4.0
index_9089,3.0
index_9090,3.0
index_9091,1.0
index_9092,2.0
index_9093,2.0
index_9094,1.0
index_9095,4.0
index_9096,5.0
index_9097,5.0
index_9098,1.0
index_9099,1.0
index_9100,2.0
index_9101,4.0
index_9102,5.0
index_9103,3.0
index_9104,3.0
index_9105,4.0
index_9106,3.0
index_9107,5.0
index_9108,3.0
index_9109,5.0
index_9110,2.0
index_9111,2.0
index_9112,2.0
index_9113,5.0
index_9114,1.0
index_9115,3.0
index_9116,5.0
index_9117,2.0
index_9118,4.0
index_9119,2.0
index_9120,2.0
index_9121,3.0
index_9122,5.0
index_9123,5.0
index_9124,5.0
index_9125,3.0
index_9126,1.0
index_9127,2.0
index_9128,3.0
index_9129,5.0
index_9130,1.0
index_9131,5.0
index_9132,4.0
index_9133,2.0
index_9134,1.0
index_9135,1.0
index_9136,2.0
index_9137,1.0
index_9138,5.0
index_9139,2.0
index_9140,3.0
index_9141,2.0
index_9142,5.0
index_9143,2.0
index_9144,4.0
index_9145,3.0
index_9146,5.0
index_9147,1.0
index_9148,5.0
index_9149,4.0
index_9150,5.0
index_9151,4.0
index_9152,1.0
index_9153,1.0
index_9154,3.0
index_9155,2.0
index_9156,3.0
index_9157,2.0
index_9158,5.0
index_9159,5.0
index_9160,3.0
index_9161,1.0
index_9162,4.0
index_9163,1.0
index_9164,2.0
index_9165,1.0
index_9166,2.0
index_9167,4.0
index_9168,3.0
index_9169,2.0
index_9170,1.0
index_9171,1.0
index_9172,3.0
index_9173,3.0
index_9174,5.0
index_9175,2.0
index_9176,5.0
index_9177,4.0
index_9178,4.0
index_9179,1.0
index_9180,3.0
index_9181,1.0
index_9182,5.0
index_9183,2.0
index_9184,4.0
index_9185,2.0
index_9186,5.0
index_9187,1.0
index_9188,2.0
index_9189,2.0
index_9190,3.0
index_9191,5.0
index_9192,4.0
index_9193,4.0
index_9194,3.0
index_9195,5.0
index_9196,5.0
index_9197,5.0
index_9198,2.0
index_9199,5.0
index_9200,3.0
index_9201,2.0
index_9202,3.0
index_9203,5.0
index_9204,3.0
index_9205,5.0
index_9206,2.0
index_9207,5.0
index_9208,1.0
index_9209,5.0
index_9210,5.0
index_9211,4.0
index_9212,3.0
index_9213,3.0
index_9214,2.0
index_9215,5.0
index_9216,5.0
index_9217,4.0
index_9218,2.0
index_9219,1.0
index_9220,4.0
index_9221,2.0
index_9222,5.0
index_9223,1.0
index_9224,3.0
index_9225,5.0
index_9226,5.0
index_9227,5.0
index_9228,1.0
index_9229,2.0
index_9230,5.0
index_9231,2.0
index_9232,3.0
index_9233,3.0
index_9234,2.0
index_9235,1.0
index_9236,3.0
index_9237,3.0
index_9238,3.0
index_9239,1.0
index_9240,1.0
index_9241,1.0
index_9242,5.0
index_9243,4.0
index_9244,4.0
index_9245,1.0
index_9246,4.0
index_9247,3.0
index_9248,3.0
index_9249,1.0
index_9250,4.0
index_9251,2.0
index_9252,5.0
index_9253,3.0
index_9254,2.0
index_9255,2.0
index_9256,3.0
index_9257,1.0
index_9258,5.0
index_9259,1.0
index_9260,1.0
index_9261,1.0
index_9262,4.0
index_9263,5.0
index_9264,4.0
index_9265,5.0
index_9266,5.0
index_9267,5.0
index_9268,2.0
index_9269,4.0
index_9270,4.0
index_9271,4.0
index_9272,2.0
index_9273,1.0
index_9274,3.0
index_9275,4.0
index_9276,5.0
index_9277,5.0
index_9278,3.0
index_9279,4.0
index_9280,5.0
index_9281,4.0
index_9282,3.0
index_9283,2.0
index_9284,3.0
index_9285,4.0
index_9286,3.0
index_9287,2.0
index_9288,4.0
index_9289,2.0
index_9290,5.0
index_9291,3.0
index_9292,2.0
index_9293,2.0
index_9294,4.0
index_9295,1.0
index_9296,1.0
index_9297,2.0
index_9298,3.0
index_9299,5.0
index_9300,3.0
index_9301,1.0
index_9302,3.0
index_9303,5.0
index_9304,3.0
index_9305,5.0
index_9306,3.0
index_9307,1.0
index_9308,2.0
index_9309,4.0
index_9310,2.0
index_9311,3.0
index_9312,1.0
index_9313,3.0
index_9314,4.0
index_9315,4.0
index_9316,2.0
index_9317,4.0
index_9318,3.0
index_9319,5.0
index_9320,3.0
index_9321,3.0
index_9322,4.0
index_9323,4.0
index_9324,2.0
index_9325,4.0
index_9326,3.0
index_9327,3.0
index_9328,3.0
index_9329,3.0
index_9330,1.0
index_9331,2.0
index_9332,1.0
index_9333,2.0
index_9334,5.0
index_9335,4.0
index_9336,2.0
index_9337,5.0
index_9338,4.0
index_9339,2.0
index_9340,5.0
index_9341,2.0
index_9342,2.0
index_9343,2.0
index_9344,3.0
index_9345,3.0
index_9346,1.0
index_9347,2.0
index_9348,5.0
index_9349,4.0
index_9350,5.0
index_9351,5.0
index_9352,3.0
index_9353,4.0
index_9354,4.0
index_9355,2.0
index_9356,4.0
index_9357,1.0
index_9358,5.0
index_9359,2.0
index_9360,1.0
index_9361,1.0
index_9362,4.0
index_9363,5.0
index_9364,1.0
index_9365,2.0
index_9366,2.0
index_9367,5.0
index_9368,5.0
index_9369,4.0
index_9370,2.0
index_9371,4.0
index_9372,2.0
index_9373,2.0
index_9374,1.0
index_9375,2.0
index_9376,2.0
index_9377,5.0
index_9378,3.0
index_9379,2.0
index_9380,4.0
index_9381,3.0
index_9382,3.0
index_9383,1.0
index_9384,5.0
index_9385,5.0
index_9386,4.0
index_9387,1.0
index_9388,1.0
index_9389,5.0
index_9390,1.0
index_9391,5.0
index_9392,4.0
index_9393,5.0
index_9394,1.0
index_9395,4.0
index_9396,2.0
index_9397,5.0
index_9398,1.0
index_9399,1.0
index_9400,1.0
index_9401,1.0
index_9402,5.0
index_9403,1.0
index_9404,4.0
index_9405,2.0
index_9406,1.0
index_9407,2.0
index_9408,2.0
index_9409,3.0
index_9410,5.0
index_9411,5.0
index_9412,4.0
index_9413,3.0
index_9414,3.0
index_9415,2.0
index_9416,2.0
index_9417,2.0
index_9418,3.0
index_9419,4.0
index_9420,4.0
index_9421,4.0
index_9422,4.0
index_9423,1.0
index_9424,2.0
index_9425,4.0
index_9426,3.0
index_9427,2.0
index_9428,4.0
index_9429,1.0
index_9430,4.0
index_9431,5.0
index_9432,1.0
index_9433,4.0
index_9434,3.0
index_9435,2.0
index_9436,1.0
index_9437,2.0
index_9438,1.0
index_9439,5.0
index_9440,4.0
index_9441,2.0
index_9442,3.0
index_9443,1.0
index_9444,4.0
index_9445,2.0
index_9446,1.0
index_9447,1.0
index_9448,5.0
index_9449,4.0
index_9450,5.0
index_9451,5.0
index_9452,2.0
index_9453,2.0
index_9454,1.0
index_9455,1.0
index_9456,1.0
index_9457,5.0
index_9458,4.0
index_9459,2.0
index_9460,2.0
index_9461,2.0
index_9462,1.0
index_9463,1.0
index_9464,2.0
index_9465,1.0
index_9466,2.0
index_9467,1.0
index_9468,1.0
index_9469,5.0
index_9470,5.0
index_9471,2.0
index_9472,4.0
index_9473,4.0
index_9474,2.0
index_9475,2.0
index_9476,3.0
index_9477,2.0
index_9478,4.0
index_9479,5.0
index_9480,1.0
index_9481,1.0
index_9482,1.0
index_9483,4.0
index_9484,4.0
index_9485,5.0
index_9486,1.0
index_9487,1.0
index_9488,1.0
index_9489,4.0
index_9490,4.0
index_9491,4.0
index_9492,1.0
index_9493,3.0
index_9494,3.0
index_9495,5.0
index_9496,5.0
index_9497,2.0
index_9498,2.0
index_9499,2.0
index_9500,3.0
index_9501,4.0
index_9502,2.0
index_9503,2.0
index_9504,1.0
index_9505,5.0
index_9506,5.0
index_9507,2.0
index_9508,3.0
index_9509,1.0
index_9510,3.0
index_9511,4.0
index_9512,3.0
index_9513,5.0
index_9514,5.0
index_9515,3.0
index_9516,1.0
index_9517,1.0
index_9518,3.0
index_9519,3.0
index_9520,3.0
index_9521,2.0
index_9522,1.0
index_9523,4.0
index_9524,4.0
index_9525,5.0
index_9526,2.0
index_9527,1.0
index_9528,4.0
index_9529,4.0
index_9530,3.0
index_9531,3.0
index_9532,4.0
index_9533,4.0
index_9534,5.0
index_9535,2.0
index_9536,1.0
index_9537,2.0
index_9538,1.0
index_9539,1.0
index_9540,1.0
index_9541,1.0
index_9542,3.0
index_9543,3.0
index_9544,5.0
index_9545,1.0
index_9546,1.0
index_9547,3.0
index_9548,5.0
index_9549,2.0
index_9550,5.0
index_9551,2.0
index_9552,3.0
index_9553,3.0
index_9554,2.0
index_9555,4.0
index_9556,1.0
index_9557,3.0
index_9558,3.0
index_9559,1.0
index_9560,1.0
index_9561,2.0
index_9562,4.0
index_9563,3.0
index_9564,4.0
index_9565,2.0
index_9566,5.0
index_9567,4.0
index_9568,2.0
index_9569,4.0
index_9570,5.0
index_9571,1.0
index_9572,4.0
index_9573,5.0
index_9574,5.0
index_9575,1.0
index_9576,1.0
index_9577,4.0
index_9578,5.0
index_9579,1.0
index_9580,5.0
index_9581,4.0
index_9582,4.0
index_9583,3.0
index_9584,5.0
index_9585,5.0
index_9586,3.0
index_9587,5.0
index_9588,1.0
index_9589,3.0
index_9590,4.0
index_9591,4.0
index_9592,2.0
index_9593,4.0
index_9594,3.0
index_9595,4.0
index_9596,5.0
index_9597,1.0
index_9598,5.0
index_9599,1.0
index_9600,4.0
index_9601,2.0
index_9602,3.0
index_9603,1.0
index_9604,1.0
index_9605,3.0
index_9606,2.0
index_9607,1.0
index_9608,2.0
index_9609,2.0
index_9610,2.0
index_9611,4.0
index_9612,4.0
index_9613,2.0
index_9614,4.0
index_9615,2.0
index_9616,4.0
index_9617,5.0
index_9618,4.0
index_9619,1.0
index_9620,3.0
index_9621,3.0
index_9622,4.0
index_9623,5.0
index_9624,4.0
index_9625,3.0
index_9626,1.0
index_9627,2.0
index_9628,2.0
index_9629,3.0
index_9630,2.0
index_9631,4.0
index_9632,5.0
index_9633,3.0
index_9634,2.0
index_9635,2.0
index_9636,4.0
index_9637,5.0
index_9638,1.0
index_9639,5.0
index_9640,1.0
index_9641,4.0
index_9642,4.0
index_9643,3.0
index_9644,4.0
index_9645,1.0
index_9646,4.0
index_9647,4.0
index_9648,4.0
index_9649,1.0
index_9650,2.0
index_9651,1.0
index_9652,2.0
index_9653,3.0
index_9654,2.0
index_9655,4.0
index_9656,2.0
index_9657,1.0
index_9658,3.0
index_9659,4.0
index_9660,3.0
index_9661,1.0
index_9662,2.0
index_9663,4.0
index_9664,4.0
index_9665,2.0
index_9666,5.0
index_9667,4.0
index_9668,3.0
index_9669,5.0
index_9670,4.0
index_9671,1.0
index_9672,3.0
index_9673,3.0
index_9674,5.0
index_9675,3.0
index_9676,2.0
index_9677,1.0
index_9678,4.0
index_9679,4.0
index_9680,4.0
index_9681,3.0
index_9682,4.0
index_9683,5.0
index_9684,3.0
index_9685,5.0
index_9686,4.0
index_9687,2.0
index_9688,3.0
index_9689,4.0
index_9690,5.0
index_9691,1.0
index_9692,4.0
index_9693,5.0
index_9694,4.0
index_9695,1.0
index_9696,3.0
index_9697,5.0
index_9698,3.0
index_9699,2.0
index_9700,5.0
index_9701,5.0
index_9702,3.0
index_9703,3.0
index_9704,1.0
index_9705,4.0
index_9706,4.0
index_9707,5.0
index_9708,4.0
index_9709,5.0
index_9710,3.0
index_9711,5.0
index_9712,4.0
index_9713,2.0
index_9714,4.0
index_9715,1.0
index_9716,4.0
index_9717,4.0
index_9718,4.0
index_9719,1.0
index_9720,2.0
index_9721,5.0
index_9722,4.0
index_9723,2.0
index_9724,5.0
index_9725,2.0
index_9726,5.0
index_9727,2.0
index_9728,1.0
index_9729,5.0
index_9730,1.0
index_9731,5.0
index_9732,3.0
index_9733,4.0
index_9734,4.0
index_9735,5.0
index_9736,5.0
index_9737,5.0
index_9738,5.0
index_9739,2.0
index_9740,2.0
index_9741,2.0
index_9742,1.0
index_9743,3.0
index_9744,5.0
index_9745,4.0
index_9746,3.0
index_9747,5.0
index_9748,1.0
index_9749,1.0
index_9750,4.0
index_9751,4.0
index_9752,5.0
index_9753,4.0
index_9754,1.0
index_9755,2.0
index_9756,3.0
index_9757,5.0
index_9758,5.0
index_9759,4.0
index_9760,5.0
index_9761,1.0
index_9762,5.0
index_9763,2.0
index_9764,3.0
index_9765,2.0
index_9766,3.0
index_9767,1.0
index_9768,3.0
index_9769,1.0
index_9770,1.0
index_9771,2.0
index_9772,1.0
index_9773,5.0
index_9774,3.0
index_9775,1.0
index_9776,1.0
index_9777,3.0
index_9778,1.0
index_9779,3.0
index_9780,5.0
index_9781,2.0
index_9782,2.0
index_9783,2.0
index_9784,1.0
index_9785,2.0
index_9786,4.0
index_9787,5.0
index_9788,1.0
index_9789,4.0
index_9790,2.0
index_9791,1.0
index_9792,1.0
index_9793,2.0
index_9794,5.0
index_9795,5.0
index_9796,3.0
index_9797,5.0
index_9798,5.0
index_9799,4.0
index_9800,3.0
index_9801,4.0
index_9802,2.0
index_9803,1.0
index_9804,3.0
index_9805,4.0
index_9806,4.0
index_9807,3.0
index_9808,5.0
index_9809,2.0
index_9810,2.0
index_9811,4.0
index_9812,2.0
index_9813,4.0
index_9814,3.0
index_9815,2.0
index_9816,4.0
index_9817,1.0
index_9818,5.0
index_9819,3.0
index_9820,5.0
index_9821,2.0
index_9822,4.0
index_9823,1.0
index_9824,3.0
index_9825,3.0
index_9826,2.0
index_9827,1.0
index_9828,2.0
index_9829,1.0
index_9830,2.0
index_9831,4.0
index_9832,2.0
index_9833,5.0
index_9834,1.0
index_9835,3.0
index_9836,2.0
index_9837,5.0
index_9838,3.0
index_9839,5.0
index_9840,3.0
index_9841,5.0
index_9842,4.0
index_9843,3.0
index_9844,2.0
index_9845,5.0
index_9846,3.0
index_9847,2.0
index_9848,1.0
index_9849,1.0
index_9850,2.0
index_9851,5.0
index_9852,1.0
index_9853,3.0
index_9854,1.0
index_9855,5.0
index_9856,1.0
index_9857,5.0
index_9858,5.0
index_9859,3.0
index_9860,5.0
index_9861,4.0
index_9862,5.0
index_9863,1.0
index_9864,4.0
index_9865,2.0
index_9866,1.0
index_9867,2.0
index_9868,1.0
index_9869,3.0
index_9870,1.0
index_9871,1.0
index_9872,3.0
index_9873,2.0
index_9874,1.0
index_9875,2.0
index_9876,1.0
index_9877,5.0
index_9878,3.0
index_9879,4.0
index_9880,4.0
index_9881,1.0
index_9882,2.0
index_9883,1.0
index_9884,2.0
index_9885,2.0
index_9886,5.0
index_9887,3.0
index_9888,5.0
index_9889,2.0
index_9890,5.0
index_9891,2.0
index_9892,1.0
index_9893,3.0
index_9894,2.0
index_9895,3.0
index_9896,4.0
index_9897,1.0
index_9898,3.0
index_9899,5.0
index_9900,4.0
index_9901,4.0
index_9902,4.0
index_9903,5.0
index_9904,2.0
index_9905,3.0
index_9906,4.0
index_9907,1.0
index_9908,4.0
index_9909,3.0
index_9910,4.0
index_9911,5.0
index_9912,2.0
index_9913,1.0
index_9914,2.0
index_9915,1.0
index_9916,5.0
index_9917,5.0
index_9918,4.0
index_9919,1.0
index_9920,1.0
index_9921,4.0
index_9922,1.0
index_9923,2.0
index_9924,2.0
index_9925,3.0
index_9926,2.0
index_9927,3.0
index_9928,3.0
index_9929,2.0
index_9930,5.0
index_9931,5.0
index_9932,1.0
index_9933,3.0
index_9934,1.0
index_9935,4.0
index_9936,5.0
index_9937,5.0
index_9938,3.0
index_9939,3.0
index_9940,5.0
index_9941,1.0
index_9942,2.0
index_9943,2.0
index_9944,1.0
index_9945,4.0
index_9946,4.0
index_9947,3.0
index_9948,3.0
index_9949,2.0
index_9950,5.0
index_9951,1.0
index_9952,5.0
index_9953,4.0
index_9954,1.0
index_9955,4.0
index_9956,2.0
index_9957,3.0
index_9958,3.0
index_9959,3.0
index_9960,1.0
index_9961,5.0
index_9962,5.0
index_9963,5.0
index_9964,1.0
index_9965,2.0
index_9966,5.0
index_9967,5.0
index_9968,3.0
index_9969,4.0
index_9970,4.0
index_9971,4.0
index_9972,1.0
index_9973,2.0
index_9974,2.0
index_9975,4.0
index_9976,3.0
index_9977,1.0
index_9978,3.0
index_9979,3.0
index_9980,1.0
index_9981,2.0
index_9982,4.0
index_9983,1.0
index_9984,1.0
index_9985,3.0
index_9986,5.0
index_9987,3.0
index_9988,4.0
index_9989,3.0
index_9990,4.0
index_9991,2.0
index_9992,3.0
index_9993,2.0
index_9994,2.0
index_9995,5.0
index_9996,2.0
index_9997,5.0
index_9998,5.0
index_9999,1.0
index_10000,1.0
index_10001,5.0
index_10002,5.0
index_10003,4.0
index_10004,2.0
index_10005,4.0
index_10006,4.0
index_10007,4.0
index_10008,1.0
index_10009,1.0
index_10010,3.0
index_10011,1.0
index_10012,2.0
index_10013,1.0
index_10014,2.0
index_10015,4.0
index_10016,5.0
index_10017,3.0
index_10018,5.0
index_10019,5.0
index_10020,3.0
index_10021,5.0
index_10022,3.0
index_10023,2.0
index_10024,4.0
index_10025,1.0
index_10026,3.0
index_10027,3.0
index_10028,3.0
index_10029,1.0
index_10030,5.0
index_10031,1.0
index_10032,3.0
index_10033,5.0
index_10034,1.0
index_10035,1.0
index_10036,3.0
index_10037,5.0
index_10038,4.0
index_10039,1.0
index_10040,3.0
index_10041,1.0
index_10042,4.0
index_10043,4.0
index_10044,4.0
index_10045,3.0
index_10046,1.0
index_10047,1.0
index_10048,5.0
index_10049,2.0
index_10050,5.0
index_10051,3.0
index_10052,5.0
index_10053,5.0
index_10054,5.0
index_10055,3.0
index_10056,1.0
index_10057,3.0
index_10058,2.0
index_10059,2.0
index_10060,3.0
index_10061,2.0
index_10062,2.0
index_10063,5.0
index_10064,3.0
index_10065,5.0
index_10066,1.0
index_10067,2.0
index_10068,2.0
index_10069,3.0
index_10070,1.0
index_10071,5.0
index_10072,4.0
index_10073,2.0
index_10074,5.0
index_10075,2.0
index_10076,1.0
index_10077,4.0
index_10078,3.0
index_10079,1.0
index_10080,5.0
index_10081,2.0
index_10082,5.0
index_10083,5.0
index_10084,3.0
index_10085,2.0
index_10086,4.0
index_10087,5.0
index_10088,5.0
index_10089,1.0
index_10090,2.0
index_10091,3.0
index_10092,1.0
index_10093,1.0
index_10094,1.0
index_10095,1.0
index_10096,4.0
index_10097,5.0
index_10098,4.0
index_10099,3.0
index_10100,4.0
index_10101,3.0
index_10102,2.0
index_10103,4.0
index_10104,1.0
index_10105,1.0
index_10106,1.0
index_10107,2.0
index_10108,1.0
index_10109,3.0
index_10110,4.0
index_10111,5.0
index_10112,2.0
index_10113,1.0
index_10114,2.0
index_10115,3.0
index_10116,2.0
index_10117,4.0
index_10118,5.0
index_10119,2.0
index_10120,3.0
index_10121,1.0
index_10122,5.0
index_10123,4.0
index_10124,1.0
index_10125,1.0
index_10126,5.0
index_10127,4.0
index_10128,3.0
index_10129,4.0
index_10130,3.0
index_10131,3.0
index_10132,5.0
index_10133,1.0
index_10134,2.0
index_10135,3.0
index_10136,1.0
index_10137,2.0
index_10138,3.0
index_10139,3.0
index_10140,5.0
index_10141,5.0
index_10142,1.0
index_10143,1.0
index_10144,5.0
index_10145,5.0
index_10146,5.0
index_10147,5.0
index_10148,1.0
index_10149,5.0
index_10150,3.0
index_10151,1.0
index_10152,1.0
index_10153,3.0
index_10154,2.0
index_10155,4.0
index_10156,5.0
index_10157,3.0
index_10158,4.0
index_10159,5.0
index_10160,5.0
index_10161,1.0
index_10162,3.0
index_10163,3.0
index_10164,3.0
index_10165,5.0
index_10166,3.0
index_10167,5.0
index_10168,2.0
index_10169,4.0
index_10170,4.0
index_10171,3.0
index_10172,4.0
index_10173,2.0
index_10174,5.0
index_10175,3.0
index_10176,3.0
index_10177,5.0
index_10178,5.0
index_10179,5.0
index_10180,1.0
index_10181,2.0
index_10182,5.0
index_10183,1.0
index_10184,2.0
index_10185,3.0
index_10186,2.0
index_10187,1.0
index_10188,5.0
index_10189,2.0
index_10190,5.0
index_10191,4.0
index_10192,4.0
index_10193,1.0
index_10194,5.0
index_10195,3.0
index_10196,5.0
index_10197,3.0
index_10198,4.0
index_10199,1.0
index_10200,2.0
index_10201,5.0
index_10202,2.0
index_10203,2.0
index_10204,4.0
index_10205,3.0
index_10206,5.0
index_10207,5.0
index_10208,5.0
index_10209,2.0
index_10210,2.0
index_10211,5.0
index_10212,3.0
index_10213,4.0
index_10214,5.0
index_10215,5.0
index_10216,1.0
index_10217,5.0
index_10218,1.0
index_10219,1.0
index_10220,5.0
index_10221,1.0
index_10222,4.0
index_10223,5.0
index_10224,4.0
index_10225,3.0
index_10226,1.0
index_10227,1.0
index_10228,1.0
index_10229,5.0
index_10230,3.0
index_10231,2.0
index_10232,2.0
index_10233,1.0
index_10234,2.0
index_10235,2.0
index_10236,1.0
index_10237,2.0
index_10238,3.0
index_10239,1.0
index_10240,3.0
index_10241,3.0
index_10242,5.0
index_10243,5.0
index_10244,3.0
index_10245,3.0
index_10246,1.0
index_10247,1.0
index_10248,1.0
index_10249,1.0
index_10250,2.0
index_10251,4.0
index_10252,5.0
index_10253,3.0
index_10254,1.0
index_10255,3.0
index_10256,2.0
index_10257,1.0
index_10258,4.0
index_10259,5.0
index_10260,5.0
index_10261,4.0
index_10262,3.0
index_10263,3.0
index_10264,1.0
index_10265,5.0
index_10266,1.0
index_10267,3.0
index_10268,4.0
index_10269,5.0
index_10270,1.0
index_10271,2.0
index_10272,4.0
index_10273,2.0
index_10274,1.0
index_10275,4.0
index_10276,4.0
index_10277,4.0
index_10278,3.0
index_10279,3.0
index_10280,2.0
index_10281,2.0
index_10282,5.0
index_10283,1.0
index_10284,5.0
index_10285,5.0
index_10286,5.0
index_10287,1.0
index_10288,5.0
index_10289,4.0
index_10290,4.0
index_10291,1.0
index_10292,4.0
index_10293,1.0
index_10294,4.0
index_10295,1.0
index_10296,1.0
index_10297,5.0
index_10298,1.0
index_10299,1.0
index_10300,3.0
index_10301,2.0
index_10302,5.0
index_10303,1.0
index_10304,3.0
index_10305,1.0
index_10306,1.0
index_10307,4.0
index_10308,3.0
index_10309,3.0
index_10310,2.0
index_10311,5.0
index_10312,5.0
index_10313,5.0
index_10314,1.0
index_10315,5.0
index_10316,2.0
index_10317,5.0
index_10318,4.0
index_10319,4.0
index_10320,2.0
index_10321,1.0
index_10322,4.0
index_10323,5.0
index_10324,3.0
index_10325,5.0
index_10326,2.0
index_10327,2.0
index_10328,5.0
index_10329,5.0
index_10330,4.0
index_10331,3.0
index_10332,1.0
index_10333,2.0
index_10334,2.0
index_10335,4.0
index_10336,4.0
index_10337,2.0
index_10338,3.0
index_10339,1.0
index_10340,2.0
index_10341,3.0
index_10342,5.0
index_10343,1.0
index_10344,1.0
index_10345,1.0
index_10346,4.0
index_10347,1.0
index_10348,4.0
index_10349,2.0
index_10350,2.0
index_10351,1.0
index_10352,5.0
index_10353,4.0
index_10354,5.0
index_10355,5.0
index_10356,2.0
index_10357,2.0
index_10358,3.0
index_10359,1.0
index_10360,5.0
index_10361,5.0
index_10362,2.0
index_10363,5.0
index_10364,3.0
index_10365,4.0
index_10366,1.0
index_10367,4.0
index_10368,2.0
index_10369,5.0
index_10370,5.0
index_10371,5.0
index_10372,5.0
index_10373,1.0
index_10374,2.0
index_10375,5.0
index_10376,1.0
index_10377,3.0
index_10378,5.0
index_10379,1.0
index_10380,1.0
index_10381,2.0
index_10382,1.0
index_10383,2.0
index_10384,2.0
index_10385,1.0
index_10386,5.0
index_10387,5.0
index_10388,5.0
index_10389,2.0
index_10390,1.0
index_10391,1.0
index_10392,1.0
index_10393,3.0
index_10394,3.0
index_10395,5.0
index_10396,2.0
index_10397,1.0
index_10398,1.0
index_10399,2.0
index_10400,3.0
index_10401,1.0
index_10402,4.0
index_10403,2.0
index_10404,4.0
index_10405,4.0
index_10406,3.0
index_10407,4.0
index_10408,1.0
index_10409,3.0
index_10410,2.0
index_10411,5.0
index_10412,3.0
index_10413,2.0
index_10414,5.0
index_10415,3.0
index_10416,3.0
index_10417,5.0
index_10418,4.0
index_10419,2.0
index_10420,5.0
index_10421,2.0
index_10422,5.0
index_10423,3.0
index_10424,3.0
index_10425,3.0
index_10426,3.0
index_10427,2.0
index_10428,3.0
index_10429,3.0
index_10430,1.0
index_10431,5.0
index_10432,3.0
index_10433,5.0
index_10434,2.0
index_10435,1.0
index_10436,4.0
index_10437,2.0
index_10438,2.0
index_10439,3.0
index_10440,4.0
index_10441,2.0
index_10442,2.0
index_10443,4.0
index_10444,4.0
index_10445,5.0
index_10446,3.0
index_10447,3.0
index_10448,5.0
index_10449,1.0
index_10450,5.0
index_10451,2.0
index_10452,2.0
index_10453,1.0
index_10454,1.0
index_10455,3.0
index_10456,4.0
index_10457,5.0
index_10458,1.0
index_10459,5.0
index_10460,4.0
index_10461,3.0
index_10462,5.0
index_10463,4.0
index_10464,1.0
index_10465,1.0
index_10466,4.0
index_10467,5.0
index_10468,5.0
index_10469,3.0
index_10470,2.0
index_10471,2.0
index_10472,2.0
index_10473,5.0
index_10474,5.0
index_10475,4.0
index_10476,2.0
index_10477,2.0
index_10478,3.0
index_10479,5.0
index_10480,5.0
index_10481,4.0
index_10482,2.0
index_10483,5.0
index_10484,3.0
index_10485,1.0
index_10486,5.0
index_10487,3.0
index_10488,2.0
index_10489,2.0
index_10490,1.0
index_10491,4.0
index_10492,1.0
index_10493,3.0
index_10494,4.0
index_10495,1.0
index_10496,3.0
index_10497,2.0
index_10498,1.0
index_10499,2.0
index_10500,2.0
index_10501,3.0
index_10502,5.0
index_10503,4.0
index_10504,1.0
index_10505,2.0
index_10506,2.0
index_10507,4.0
index_10508,1.0
index_10509,2.0
index_10510,1.0
index_10511,2.0
index_10512,5.0
index_10513,3.0
index_10514,1.0
index_10515,2.0
index_10516,1.0
index_10517,4.0
index_10518,2.0
index_10519,5.0
index_10520,5.0
index_10521,2.0
index_10522,4.0
index_10523,2.0
index_10524,4.0
index_10525,1.0
index_10526,5.0
index_10527,4.0
index_10528,2.0
index_10529,4.0
index_10530,4.0
index_10531,2.0
index_10532,4.0
index_10533,5.0
index_10534,1.0
index_10535,2.0
index_10536,1.0
index_10537,3.0
index_10538,3.0
index_10539,3.0
index_10540,4.0
index_10541,4.0
index_10542,1.0
index_10543,1.0
index_10544,3.0
index_10545,1.0
index_10546,1.0
index_10547,5.0
index_10548,1.0
index_10549,1.0
index_10550,4.0
index_10551,1.0
index_10552,2.0
index_10553,3.0
index_10554,1.0
index_10555,4.0
index_10556,5.0
index_10557,5.0
index_10558,3.0
index_10559,5.0
index_10560,1.0
index_10561,5.0
index_10562,2.0
index_10563,5.0
index_10564,5.0
index_10565,5.0
index_10566,4.0
index_10567,5.0
index_10568,5.0
index_10569,4.0
index_10570,5.0
index_10571,4.0
index_10572,3.0
index_10573,5.0
index_10574,2.0
index_10575,5.0
index_10576,3.0
index_10577,3.0
index_10578,3.0
index_10579,1.0
index_10580,3.0
index_10581,5.0
index_10582,2.0
index_10583,5.0
index_10584,2.0
index_10585,2.0
index_10586,2.0
index_10587,3.0
index_10588,1.0
index_10589,2.0
index_10590,5.0
index_10591,4.0
index_10592,1.0
index_10593,5.0
index_10594,2.0
index_10595,4.0
index_10596,3.0
index_10597,5.0
index_10598,1.0
index_10599,5.0
index_10600,2.0
index_10601,3.0
index_10602,4.0
index_10603,1.0
index_10604,2.0
index_10605,2.0
index_10606,4.0
index_10607,4.0
index_10608,4.0
index_10609,2.0
index_10610,3.0
index_10611,5.0
index_10612,1.0
index_10613,3.0
index_10614,2.0
index_10615,3.0
index_10616,2.0
index_10617,5.0
index_10618,1.0
index_10619,1.0
index_10620,2.0
index_10621,4.0
index_10622,5.0
index_10623,1.0
index_10624,2.0
index_10625,5.0
index_10626,3.0
index_10627,5.0
index_10628,4.0
index_10629,1.0
index_10630,4.0
index_10631,1.0
index_10632,2.0
index_10633,3.0
index_10634,1.0
index_10635,3.0
index_10636,5.0
index_10637,3.0
index_10638,2.0
index_10639,2.0
index_10640,2.0
index_10641,4.0
index_10642,1.0
index_10643,1.0
index_10644,5.0
index_10645,2.0
index_10646,1.0
index_10647,1.0
index_10648,1.0
index_10649,2.0
index_10650,3.0
index_10651,1.0
index_10652,3.0
index_10653,2.0
index_10654,3.0
index_10655,3.0
index_10656,3.0
index_10657,1.0
index_10658,2.0
index_10659,5.0
index_10660,4.0
index_10661,5.0
index_10662,3.0
index_10663,2.0
index_10664,1.0
index_10665,4.0
index_10666,5.0
index_10667,5.0
index_10668,3.0
index_10669,3.0
index_10670,3.0
index_10671,4.0
index_10672,2.0
index_10673,5.0
index_10674,3.0
index_10675,2.0
index_10676,2.0
index_10677,2.0
index_10678,1.0
index_10679,1.0
index_10680,5.0
index_10681,5.0
index_10682,3.0
index_10683,1.0
index_10684,2.0
index_10685,3.0
index_10686,1.0
index_10687,1.0
index_10688,4.0
index_10689,2.0
index_10690,1.0
index_10691,4.0
index_10692,5.0
index_10693,3.0
index_10694,1.0
index_10695,2.0
index_10696,4.0
index_10697,2.0
index_10698,2.0
index_10699,2.0
index_10700,1.0
index_10701,4.0
index_10702,1.0
index_10703,1.0
index_10704,2.0
index_10705,1.0
index_10706,1.0
index_10707,1.0
index_10708,3.0
index_10709,1.0
index_10710,3.0
index_10711,2.0
index_10712,2.0
index_10713,3.0
index_10714,2.0
index_10715,3.0
index_10716,3.0
index_10717,1.0
index_10718,1.0
index_10719,5.0
index_10720,1.0
index_10721,1.0
index_10722,1.0
index_10723,4.0
index_10724,3.0
index_10725,1.0
index_10726,2.0
index_10727,4.0
index_10728,5.0
index_10729,5.0
index_10730,5.0
index_10731,3.0
index_10732,3.0
index_10733,4.0
index_10734,4.0
index_10735,4.0
index_10736,1.0
index_10737,4.0
index_10738,3.0
index_10739,5.0
index_10740,3.0
index_10741,1.0
index_10742,1.0
index_10743,3.0
index_10744,5.0
index_10745,4.0
index_10746,1.0
index_10747,4.0
index_10748,2.0
index_10749,4.0
index_10750,1.0
index_10751,2.0
index_10752,1.0
index_10753,2.0
index_10754,4.0
index_10755,2.0
index_10756,3.0
index_10757,4.0
index_10758,1.0
index_10759,5.0
index_10760,3.0
index_10761,4.0
index_10762,3.0
index_10763,3.0
index_10764,1.0
index_10765,4.0
index_10766,4.0
index_10767,4.0
index_10768,3.0
index_10769,5.0
index_10770,2.0
index_10771,5.0
index_10772,2.0
index_10773,4.0
index_10774,3.0
index_10775,3.0
index_10776,2.0
index_10777,5.0
index_10778,1.0
index_10779,2.0
index_10780,3.0
index_10781,3.0
index_10782,4.0
index_10783,4.0
index_10784,2.0
index_10785,3.0
index_10786,5.0
index_10787,4.0
index_10788,3.0
index_10789,1.0
index_10790,3.0
index_10791,4.0
index_10792,5.0
index_10793,3.0
index_10794,2.0
index_10795,4.0
index_10796,4.0
index_10797,3.0
index_10798,1.0
index_10799,5.0
index_10800,1.0
index_10801,2.0
index_10802,1.0
index_10803,2.0
index_10804,5.0
index_10805,5.0
index_10806,4.0
index_10807,1.0
index_10808,1.0
index_10809,4.0
index_10810,1.0
index_10811,1.0
index_10812,1.0
index_10813,4.0
index_10814,2.0
index_10815,3.0
index_10816,4.0
index_10817,1.0
index_10818,4.0
index_10819,2.0
index_10820,5.0
index_10821,2.0
index_10822,5.0
index_10823,3.0
index_10824,2.0
index_10825,3.0
index_10826,4.0
index_10827,1.0
index_10828,3.0
index_10829,5.0
index_10830,2.0
index_10831,4.0
index_10832,2.0
index_10833,2.0
index_10834,4.0
index_10835,4.0
index_10836,3.0
index_10837,5.0
index_10838,5.0
index_10839,1.0
index_10840,1.0
index_10841,1.0
index_10842,3.0
index_10843,4.0
index_10844,3.0
index_10845,1.0
index_10846,4.0
index_10847,1.0
index_10848,4.0
index_10849,3.0
index_10850,3.0
index_10851,1.0
index_10852,3.0
index_10853,3.0
index_10854,4.0
index_10855,3.0
index_10856,3.0
index_10857,4.0
index_10858,3.0
index_10859,4.0
index_10860,3.0
index_10861,3.0
index_10862,4.0
index_10863,3.0
index_10864,2.0
index_10865,3.0
index_10866,3.0
index_10867,3.0
index_10868,3.0
index_10869,1.0
index_10870,3.0
index_10871,3.0
index_10872,5.0
index_10873,5.0
index_10874,2.0
index_10875,2.0
index_10876,4.0
index_10877,1.0
index_10878,1.0
index_10879,1.0
index_10880,4.0
index_10881,3.0
index_10882,1.0
index_10883,4.0
index_10884,5.0
index_10885,1.0
index_10886,5.0
index_10887,4.0
index_10888,2.0
index_10889,5.0
index_10890,4.0
index_10891,2.0
index_10892,5.0
index_10893,1.0
index_10894,3.0
index_10895,1.0
index_10896,3.0
index_10897,1.0
index_10898,1.0
index_10899,5.0
index_10900,1.0
index_10901,1.0
index_10902,3.0
index_10903,2.0
index_10904,2.0
index_10905,5.0
index_10906,3.0
index_10907,2.0
index_10908,4.0
index_10909,1.0
index_10910,4.0
index_10911,3.0
index_10912,3.0
index_10913,4.0
index_10914,3.0
index_10915,2.0
index_10916,5.0
index_10917,1.0
index_10918,2.0
index_10919,2.0
index_10920,5.0
index_10921,4.0
index_10922,1.0
index_10923,1.0
index_10924,4.0
index_10925,4.0
index_10926,4.0
index_10927,2.0
index_10928,3.0
index_10929,5.0
index_10930,4.0
index_10931,1.0
index_10932,1.0
index_10933,2.0
index_10934,4.0
index_10935,4.0
index_10936,4.0
index_10937,2.0
index_10938,1.0
index_10939,3.0
index_10940,1.0
index_10941,2.0
index_10942,4.0
index_10943,4.0
index_10944,1.0
index_10945,5.0
index_10946,3.0
index_10947,3.0
index_10948,1.0
index_10949,1.0
index_10950,3.0
index_10951,5.0
index_10952,2.0
index_10953,5.0
index_10954,4.0
index_10955,5.0
index_10956,3.0
index_10957,2.0
index_10958,4.0
index_10959,3.0
index_10960,2.0
index_10961,4.0
index_10962,3.0
index_10963,5.0
index_10964,4.0
index_10965,3.0
index_10966,5.0
index_10967,2.0
index_10968,5.0
index_10969,2.0
index_10970,2.0
index_10971,5.0
index_10972,5.0
index_10973,5.0
index_10974,3.0
index_10975,2.0
index_10976,2.0
index_10977,4.0
index_10978,5.0
index_10979,4.0
index_10980,4.0
index_10981,5.0
index_10982,5.0
index_10983,2.0
index_10984,5.0
index_10985,5.0
index_10986,5.0
index_10987,1.0
index_10988,2.0
index_10989,5.0
index_10990,5.0
index_10991,3.0
index_10992,5.0
index_10993,1.0
index_10994,4.0
index_10995,5.0
index_10996,4.0
index_10997,2.0
index_10998,5.0
index_10999,2.0
index_11000,3.0
index_11001,3.0
index_11002,4.0
index_11003,5.0
index_11004,1.0
index_11005,2.0
index_11006,5.0
index_11007,3.0
index_11008,3.0
index_11009,4.0
index_11010,2.0
index_11011,1.0
index_11012,5.0
index_11013,4.0
index_11014,4.0
index_11015,5.0
index_11016,5.0
index_11017,5.0
index_11018,4.0
index_11019,4.0
index_11020,5.0
index_11021,3.0
index_11022,2.0
index_11023,3.0
index_11024,3.0
index_11025,1.0
index_11026,3.0
index_11027,5.0
index_11028,1.0
index_11029,1.0
index_11030,2.0
index_11031,3.0
index_11032,2.0
index_11033,5.0
index_11034,3.0
index_11035,4.0
index_11036,3.0
index_11037,4.0
index_11038,3.0
index_11039,3.0
index_11040,1.0
index_11041,1.0
index_11042,2.0
index_11043,5.0
index_11044,2.0
index_11045,5.0
index_11046,3.0
index_11047,5.0
index_11048,1.0
index_11049,1.0
index_11050,4.0
index_11051,1.0
index_11052,2.0
index_11053,2.0
index_11054,1.0
index_11055,5.0
index_11056,3.0
index_11057,1.0
index_11058,2.0
index_11059,4.0
index_11060,1.0
index_11061,3.0
index_11062,1.0
index_11063,4.0
index_11064,5.0
index_11065,2.0
index_11066,3.0
index_11067,2.0
index_11068,1.0
index_11069,2.0
index_11070,3.0
index_11071,1.0
index_11072,4.0
index_11073,1.0
index_11074,3.0
index_11075,4.0
index_11076,5.0
index_11077,2.0
index_11078,5.0
index_11079,4.0
index_11080,3.0
index_11081,5.0
index_11082,3.0
index_11083,1.0
index_11084,5.0
index_11085,5.0
index_11086,2.0
index_11087,2.0
index_11088,4.0
index_11089,3.0
index_11090,3.0
index_11091,3.0
index_11092,5.0
index_11093,1.0
index_11094,5.0
index_11095,4.0
index_11096,3.0
index_11097,5.0
index_11098,2.0
index_11099,5.0
index_11100,5.0
index_11101,4.0
index_11102,3.0
index_11103,3.0
index_11104,3.0
index_11105,3.0
index_11106,2.0
index_11107,1.0
index_11108,5.0
index_11109,3.0
index_11110,3.0
index_11111,1.0
index_11112,5.0
index_11113,5.0
index_11114,1.0
index_11115,2.0
index_11116,2.0
index_11117,5.0
index_11118,3.0
index_11119,4.0
index_11120,5.0
index_11121,5.0
index_11122,4.0
index_11123,1.0
index_11124,5.0
index_11125,1.0
index_11126,5.0
index_11127,5.0
index_11128,3.0
index_11129,2.0
index_11130,2.0
index_11131,2.0
index_11132,5.0
index_11133,1.0
index_11134,4.0
index_11135,5.0
index_11136,1.0
index_11137,5.0
index_11138,3.0
index_11139,3.0
index_11140,2.0
index_11141,5.0
index_11142,5.0
index_11143,2.0
index_11144,4.0
index_11145,5.0
index_11146,2.0
index_11147,1.0
index_11148,2.0
index_11149,1.0
index_11150,4.0
index_11151,2.0
index_11152,3.0
index_11153,1.0
index_11154,3.0
index_11155,5.0
index_11156,2.0
index_11157,3.0
index_11158,2.0
index_11159,1.0
index_11160,5.0
index_11161,3.0
index_11162,3.0
index_11163,5.0
index_11164,1.0
index_11165,1.0
index_11166,5.0
index_11167,2.0
index_11168,5.0
index_11169,2.0
index_11170,1.0
index_11171,1.0
index_11172,1.0
index_11173,3.0
index_11174,1.0
index_11175,2.0
index_11176,4.0
index_11177,1.0
index_11178,4.0
index_11179,2.0
index_11180,5.0
index_11181,4.0
index_11182,4.0
index_11183,3.0
index_11184,5.0
index_11185,5.0
index_11186,5.0
index_11187,2.0
index_11188,4.0
index_11189,4.0
index_11190,2.0
index_11191,5.0
index_11192,5.0
index_11193,1.0
index_11194,4.0
index_11195,2.0
index_11196,4.0
index_11197,3.0
index_11198,3.0
index_11199,5.0
index_11200,4.0
index_11201,5.0
index_11202,4.0
index_11203,4.0
index_11204,1.0
index_11205,1.0
index_11206,1.0
index_11207,2.0
index_11208,3.0
index_11209,5.0
index_11210,5.0
index_11211,2.0
index_11212,3.0
index_11213,2.0
index_11214,3.0
index_11215,4.0
index_11216,1.0
index_11217,5.0
index_11218,4.0
index_11219,4.0
index_11220,4.0
index_11221,5.0
index_11222,4.0
index_11223,4.0
index_11224,2.0
index_11225,1.0
index_11226,1.0
index_11227,3.0
index_11228,2.0
index_11229,3.0
index_11230,2.0
index_11231,4.0
index_11232,1.0
index_11233,3.0
index_11234,5.0
index_11235,1.0
index_11236,1.0
index_11237,4.0
index_11238,4.0
index_11239,1.0
index_11240,2.0
index_11241,4.0
index_11242,3.0
index_11243,5.0
index_11244,3.0
index_11245,1.0
index_11246,1.0
index_11247,1.0
index_11248,3.0
index_11249,5.0
index_11250,2.0
index_11251,4.0
index_11252,3.0
index_11253,2.0
index_11254,5.0
index_11255,5.0
index_11256,2.0
index_11257,3.0
index_11258,2.0
index_11259,1.0
index_11260,4.0
index_11261,3.0
index_11262,1.0
index_11263,1.0
index_11264,3.0
index_11265,4.0
index_11266,1.0
index_11267,3.0
index_11268,1.0
index_11269,3.0
index_11270,5.0
index_11271,3.0
index_11272,3.0
index_11273,3.0
index_11274,4.0
index_11275,3.0
index_11276,5.0
index_11277,5.0
index_11278,1.0
index_11279,1.0
index_11280,2.0
index_11281,1.0
index_11282,3.0
index_11283,1.0
index_11284,1.0
index_11285,2.0
index_11286,4.0
index_11287,5.0
index_11288,1.0
index_11289,3.0
index_11290,5.0
index_11291,2.0
index_11292,2.0
index_11293,5.0
index_11294,5.0
index_11295,1.0
index_11296,4.0
index_11297,3.0
index_11298,2.0
index_11299,5.0
index_11300,3.0
index_11301,3.0
index_11302,2.0
index_11303,3.0
index_11304,4.0
index_11305,2.0
index_11306,4.0
index_11307,2.0
index_11308,4.0
index_11309,5.0
index_11310,4.0
index_11311,5.0
index_11312,2.0
index_11313,4.0
index_11314,1.0
index_11315,1.0
index_11316,2.0
index_11317,4.0
index_11318,1.0
index_11319,2.0
index_11320,5.0
index_11321,1.0
index_11322,1.0
index_11323,1.0
index_11324,5.0
index_11325,5.0
index_11326,5.0
index_11327,1.0
index_11328,3.0
index_11329,5.0
index_11330,3.0
index_11331,1.0
index_11332,3.0
index_11333,4.0
index_11334,3.0
index_11335,5.0
index_11336,1.0
index_11337,1.0
index_11338,3.0
index_11339,3.0
index_11340,1.0
index_11341,5.0
index_11342,1.0
index_11343,5.0
index_11344,4.0
index_11345,1.0
index_11346,4.0
index_11347,1.0
index_11348,4.0
index_11349,4.0
index_11350,2.0
index_11351,4.0
index_11352,5.0
index_11353,4.0
index_11354,3.0
index_11355,1.0
index_11356,2.0
index_11357,4.0
index_11358,2.0
index_11359,4.0
index_11360,4.0
index_11361,2.0
index_11362,1.0
index_11363,5.0
index_11364,5.0
index_11365,2.0
index_11366,3.0
index_11367,5.0
index_11368,5.0
index_11369,2.0
index_11370,4.0
index_11371,3.0
index_11372,3.0
index_11373,4.0
index_11374,5.0
index_11375,3.0
index_11376,1.0
index_11377,2.0
index_11378,2.0
index_11379,3.0
index_11380,2.0
index_11381,2.0
index_11382,3.0
index_11383,1.0
index_11384,1.0
index_11385,5.0
index_11386,4.0
index_11387,1.0
index_11388,3.0
index_11389,3.0
index_11390,5.0
index_11391,5.0
index_11392,5.0
index_11393,2.0
index_11394,4.0
index_11395,5.0
index_11396,1.0
index_11397,4.0
index_11398,1.0
index_11399,4.0
index_11400,5.0
index_11401,5.0
index_11402,5.0
index_11403,5.0
index_11404,3.0
index_11405,4.0
index_11406,2.0
index_11407,4.0
index_11408,3.0
index_11409,4.0
index_11410,5.0
index_11411,5.0
index_11412,5.0
index_11413,1.0
index_11414,5.0
index_11415,1.0
index_11416,3.0
index_11417,1.0
index_11418,1.0
index_11419,1.0
index_11420,2.0
index_11421,2.0
index_11422,1.0
index_11423,5.0
index_11424,1.0
index_11425,4.0
index_11426,4.0
index_11427,1.0
index_11428,2.0
index_11429,2.0
index_11430,2.0
index_11431,2.0
index_11432,3.0
index_11433,1.0
index_11434,3.0
index_11435,1.0
index_11436,3.0
index_11437,5.0
index_11438,5.0
index_11439,5.0
index_11440,2.0
index_11441,3.0
index_11442,3.0
index_11443,2.0
index_11444,1.0
index_11445,2.0
index_11446,3.0
index_11447,2.0
index_11448,3.0
index_11449,5.0
index_11450,1.0
index_11451,1.0
index_11452,1.0
index_11453,1.0
index_11454,1.0
index_11455,5.0
index_11456,1.0
index_11457,5.0
index_11458,4.0
index_11459,5.0
index_11460,3.0
index_11461,2.0
index_11462,4.0
index_11463,5.0
index_11464,2.0
index_11465,2.0
index_11466,2.0
index_11467,2.0
index_11468,5.0
index_11469,1.0
index_11470,4.0
index_11471,3.0
index_11472,1.0
index_11473,1.0
index_11474,2.0
index_11475,1.0
index_11476,5.0
index_11477,1.0
index_11478,3.0
index_11479,4.0
index_11480,5.0
index_11481,4.0
index_11482,1.0
index_11483,3.0
index_11484,5.0
index_11485,1.0
index_11486,4.0
index_11487,3.0
index_11488,1.0
index_11489,5.0
index_11490,5.0
index_11491,3.0
index_11492,5.0
index_11493,5.0
index_11494,5.0
index_11495,2.0
index_11496,2.0
index_11497,1.0
index_11498,5.0
index_11499,4.0
index_11500,2.0
index_11501,2.0
index_11502,3.0
index_11503,5.0
index_11504,5.0
index_11505,1.0
index_11506,5.0
index_11507,5.0
index_11508,5.0
index_11509,5.0
index_11510,1.0
index_11511,3.0
index_11512,3.0
index_11513,3.0
index_11514,2.0
index_11515,3.0
index_11516,3.0
index_11517,2.0
index_11518,1.0
index_11519,1.0
index_11520,1.0
index_11521,4.0
index_11522,4.0
index_11523,3.0
index_11524,2.0
index_11525,4.0
index_11526,3.0
index_11527,5.0
index_11528,4.0
index_11529,4.0
index_11530,3.0
index_11531,1.0
index_11532,4.0
index_11533,5.0
index_11534,5.0
index_11535,1.0
index_11536,1.0
index_11537,4.0
index_11538,3.0
index_11539,3.0
index_11540,2.0
index_11541,5.0
index_11542,5.0
index_11543,4.0
index_11544,2.0
index_11545,5.0
index_11546,4.0
index_11547,3.0
index_11548,4.0
index_11549,5.0
index_11550,1.0
index_11551,5.0
index_11552,1.0
index_11553,5.0
index_11554,2.0
index_11555,2.0
index_11556,4.0
index_11557,4.0
index_11558,5.0
index_11559,4.0
index_11560,3.0
index_11561,1.0
index_11562,4.0
index_11563,5.0
index_11564,4.0
index_11565,1.0
index_11566,5.0
index_11567,2.0
index_11568,2.0
index_11569,2.0
index_11570,3.0
index_11571,3.0
index_11572,1.0
index_11573,1.0
index_11574,1.0
index_11575,4.0
index_11576,5.0
index_11577,1.0
index_11578,4.0
index_11579,1.0
index_11580,5.0
index_11581,1.0
index_11582,5.0
index_11583,1.0
index_11584,5.0
index_11585,1.0
index_11586,1.0
index_11587,5.0
index_11588,5.0
index_11589,3.0
index_11590,2.0
index_11591,4.0
index_11592,5.0
index_11593,4.0
index_11594,2.0
index_11595,1.0
index_11596,2.0
index_11597,5.0
index_11598,1.0
index_11599,3.0
index_11600,5.0
index_11601,3.0
index_11602,1.0
index_11603,4.0
index_11604,2.0
index_11605,1.0
index_11606,2.0
index_11607,1.0
index_11608,4.0
index_11609,3.0
index_11610,2.0
index_11611,3.0
index_11612,2.0
index_11613,2.0
index_11614,5.0
index_11615,3.0
index_11616,5.0
index_11617,2.0
index_11618,1.0
index_11619,4.0
index_11620,2.0
index_11621,5.0
index_11622,4.0
index_11623,4.0
index_11624,5.0
index_11625,2.0
index_11626,2.0
index_11627,2.0
index_11628,2.0
index_11629,1.0
index_11630,2.0
index_11631,2.0
index_11632,5.0
index_11633,3.0
index_11634,3.0
index_11635,5.0
index_11636,5.0
index_11637,1.0
index_11638,5.0
index_11639,1.0
index_11640,5.0
index_11641,1.0
index_11642,1.0
index_11643,5.0
index_11644,3.0
index_11645,1.0
index_11646,2.0
index_11647,5.0
index_11648,4.0
index_11649,5.0
index_11650,2.0
index_11651,2.0
index_11652,3.0
index_11653,1.0
index_11654,4.0
index_11655,4.0
index_11656,1.0
index_11657,3.0
index_11658,4.0
index_11659,5.0
index_11660,2.0
index_11661,3.0
index_11662,5.0
index_11663,4.0
index_11664,1.0
index_11665,3.0
index_11666,2.0
index_11667,3.0
index_11668,2.0
index_11669,5.0
index_11670,4.0
index_11671,4.0
index_11672,2.0
index_11673,4.0
index_11674,4.0
index_11675,5.0
index_11676,2.0
index_11677,3.0
index_11678,1.0
index_11679,3.0
index_11680,3.0
index_11681,2.0
index_11682,4.0
index_11683,5.0
index_11684,1.0
index_11685,1.0
index_11686,1.0
index_11687,4.0
index_11688,2.0
index_11689,2.0
index_11690,4.0
index_11691,1.0
index_11692,5.0
index_11693,2.0
index_11694,3.0
index_11695,2.0
index_11696,5.0
index_11697,5.0
index_11698,2.0
index_11699,1.0
index_11700,4.0
index_11701,3.0
index_11702,3.0
index_11703,5.0
index_11704,4.0
index_11705,2.0
index_11706,1.0
index_11707,5.0
index_11708,1.0
index_11709,1.0
index_11710,3.0
index_11711,5.0
index_11712,4.0
index_11713,2.0
index_11714,4.0
index_11715,3.0
index_11716,1.0
index_11717,4.0
index_11718,1.0
index_11719,5.0
index_11720,5.0
index_11721,2.0
index_11722,5.0
index_11723,2.0
index_11724,4.0
index_11725,5.0
index_11726,2.0
index_11727,3.0
index_11728,1.0
index_11729,5.0
index_11730,1.0
index_11731,4.0
index_11732,2.0
index_11733,4.0
index_11734,3.0
index_11735,3.0
index_11736,1.0
index_11737,5.0
index_11738,4.0
index_11739,1.0
index_11740,3.0
index_11741,3.0
index_11742,1.0
index_11743,2.0
index_11744,1.0
index_11745,1.0
index_11746,1.0
index_11747,4.0
index_11748,5.0
index_11749,2.0
index_11750,2.0
index_11751,1.0
index_11752,5.0
index_11753,3.0
index_11754,2.0
index_11755,1.0
index_11756,2.0
index_11757,1.0
index_11758,5.0
index_11759,3.0
index_11760,4.0
index_11761,1.0
index_11762,1.0
index_11763,4.0
index_11764,3.0
index_11765,5.0
index_11766,4.0
index_11767,1.0
index_11768,1.0
index_11769,2.0
index_11770,3.0
index_11771,1.0
index_11772,5.0
index_11773,4.0
index_11774,3.0
index_11775,2.0
index_11776,4.0
index_11777,2.0
index_11778,2.0
index_11779,1.0
index_11780,2.0
index_11781,3.0
index_11782,3.0
index_11783,2.0
index_11784,2.0
index_11785,5.0
index_11786,3.0
index_11787,2.0
index_11788,5.0
index_11789,1.0
index_11790,4.0
index_11791,2.0
index_11792,3.0
index_11793,3.0
index_11794,1.0
index_11795,1.0
index_11796,4.0
index_11797,1.0
index_11798,5.0
index_11799,2.0
index_11800,3.0
index_11801,1.0
index_11802,5.0
index_11803,1.0
index_11804,3.0
index_11805,2.0
index_11806,1.0
index_11807,5.0
index_11808,3.0
index_11809,3.0
index_11810,4.0
index_11811,2.0
index_11812,3.0
index_11813,5.0
index_11814,1.0
index_11815,1.0
index_11816,2.0
index_11817,1.0
index_11818,1.0
index_11819,3.0
index_11820,1.0
index_11821,5.0
index_11822,3.0
index_11823,3.0
index_11824,1.0
index_11825,5.0
index_11826,5.0
index_11827,3.0
index_11828,3.0
index_11829,1.0
index_11830,5.0
index_11831,2.0
index_11832,3.0
index_11833,4.0
index_11834,5.0
index_11835,1.0
index_11836,3.0
index_11837,5.0
index_11838,4.0
index_11839,3.0
index_11840,1.0
index_11841,4.0
index_11842,5.0
index_11843,2.0
index_11844,5.0
index_11845,3.0
index_11846,2.0
index_11847,4.0
index_11848,3.0
index_11849,3.0
index_11850,1.0
index_11851,2.0
index_11852,2.0
index_11853,5.0
index_11854,3.0
index_11855,1.0
index_11856,5.0
index_11857,3.0
index_11858,5.0
index_11859,2.0
index_11860,5.0
index_11861,3.0
index_11862,5.0
index_11863,4.0
index_11864,5.0
index_11865,1.0
index_11866,5.0
index_11867,4.0
index_11868,3.0
index_11869,5.0
index_11870,2.0
index_11871,5.0
index_11872,4.0
index_11873,1.0
index_11874,4.0
index_11875,4.0
index_11876,2.0
index_11877,1.0
index_11878,1.0
index_11879,4.0
index_11880,4.0
index_11881,1.0
index_11882,4.0
index_11883,1.0
index_11884,2.0
index_11885,4.0
index_11886,2.0
index_11887,5.0
index_11888,4.0
index_11889,4.0
index_11890,4.0
index_11891,5.0
index_11892,4.0
index_11893,4.0
index_11894,1.0
index_11895,5.0
index_11896,5.0
index_11897,1.0
index_11898,5.0
index_11899,4.0
index_11900,4.0
index_11901,2.0
index_11902,4.0
index_11903,5.0
index_11904,2.0
index_11905,3.0
index_11906,1.0
index_11907,5.0
index_11908,5.0
index_11909,2.0
index_11910,5.0
index_11911,2.0
index_11912,3.0
index_11913,5.0
index_11914,2.0
index_11915,3.0
index_11916,1.0
index_11917,2.0
index_11918,5.0
index_11919,4.0
index_11920,1.0
index_11921,3.0
index_11922,5.0
index_11923,2.0
index_11924,1.0
index_11925,5.0
index_11926,4.0
index_11927,2.0
index_11928,5.0
index_11929,1.0
index_11930,5.0
index_11931,1.0
index_11932,4.0
index_11933,5.0
index_11934,1.0
index_11935,2.0
index_11936,1.0
index_11937,3.0
index_11938,2.0
index_11939,3.0
index_11940,2.0
index_11941,4.0
index_11942,1.0
index_11943,1.0
index_11944,3.0
index_11945,4.0
index_11946,2.0
index_11947,5.0
index_11948,3.0
index_11949,2.0
index_11950,1.0
index_11951,4.0
index_11952,4.0
index_11953,4.0
index_11954,5.0
index_11955,5.0
index_11956,1.0
index_11957,5.0
index_11958,2.0
index_11959,2.0
index_11960,3.0
index_11961,5.0
index_11962,4.0
index_11963,2.0
index_11964,3.0
index_11965,3.0
index_11966,3.0
index_11967,3.0
index_11968,4.0
index_11969,5.0
index_11970,4.0
index_11971,3.0
index_11972,4.0
index_11973,2.0
index_11974,5.0
index_11975,1.0
index_11976,1.0
index_11977,5.0
index_11978,2.0
index_11979,1.0
index_11980,5.0
index_11981,5.0
index_11982,4.0
index_11983,2.0
index_11984,4.0
index_11985,3.0
index_11986,5.0
index_11987,3.0
index_11988,3.0
index_11989,4.0
index_11990,1.0
index_11991,1.0
index_11992,2.0
index_11993,5.0
index_11994,1.0
index_11995,3.0
index_11996,1.0
index_11997,2.0
index_11998,2.0
index_11999,5.0
index_12000,3.0
index_12001,5.0
index_12002,2.0
index_12003,3.0
index_12004,3.0
index_12005,1.0
index_12006,2.0
index_12007,2.0
index_12008,1.0
index_12009,1.0
index_12010,3.0
index_12011,5.0
index_12012,4.0
index_12013,1.0
index_12014,2.0
index_12015,1.0
index_12016,2.0
index_12017,3.0
index_12018,2.0
index_12019,1.0
index_12020,2.0
index_12021,1.0
index_12022,3.0
index_12023,4.0
index_12024,4.0
index_12025,3.0
index_12026,4.0
index_12027,1.0
index_12028,3.0
index_12029,5.0
index_12030,2.0
index_12031,4.0
index_12032,5.0
index_12033,5.0
index_12034,2.0
index_12035,4.0
index_12036,3.0
index_12037,1.0
index_12038,1.0
index_12039,4.0
index_12040,5.0
index_12041,2.0
index_12042,3.0
index_12043,5.0
index_12044,4.0
index_12045,5.0
index_12046,5.0
index_12047,5.0
index_12048,5.0
index_12049,5.0
index_12050,5.0
index_12051,5.0
index_12052,4.0
index_12053,4.0
index_12054,1.0
index_12055,1.0
index_12056,4.0
index_12057,2.0
index_12058,5.0
index_12059,3.0
index_12060,1.0
index_12061,5.0
index_12062,5.0
index_12063,5.0
index_12064,3.0
index_12065,3.0
index_12066,1.0
index_12067,4.0
index_12068,4.0
index_12069,2.0
index_12070,3.0
index_12071,3.0
index_12072,5.0
index_12073,4.0
index_12074,5.0
index_12075,2.0
index_12076,5.0
index_12077,1.0
index_12078,4.0
index_12079,2.0
index_12080,5.0
index_12081,1.0
index_12082,3.0
index_12083,3.0
index_12084,2.0
index_12085,5.0
index_12086,2.0
index_12087,2.0
index_12088,2.0
index_12089,2.0
index_12090,3.0
index_12091,5.0
index_12092,5.0
index_12093,5.0
index_12094,2.0
index_12095,5.0
index_12096,3.0
index_12097,1.0
index_12098,5.0
index_12099,2.0
index_12100,5.0
index_12101,2.0
index_12102,5.0
index_12103,1.0
index_12104,4.0
index_12105,5.0
index_12106,3.0
index_12107,1.0
index_12108,2.0
index_12109,3.0
index_12110,1.0
index_12111,2.0
index_12112,1.0
index_12113,1.0
index_12114,5.0
index_12115,4.0
index_12116,5.0
index_12117,2.0
index_12118,2.0
index_12119,3.0
index_12120,2.0
index_12121,5.0
index_12122,4.0
index_12123,5.0
index_12124,5.0
index_12125,1.0
index_12126,3.0
index_12127,2.0
index_12128,2.0
index_12129,5.0
index_12130,3.0
index_12131,3.0
index_12132,4.0
index_12133,3.0
index_12134,4.0
index_12135,2.0
index_12136,5.0
index_12137,4.0
index_12138,2.0
index_12139,2.0
index_12140,5.0
index_12141,3.0
index_12142,1.0
index_12143,5.0
index_12144,3.0
index_12145,4.0
index_12146,1.0
index_12147,5.0
index_12148,5.0
index_12149,1.0
index_12150,5.0
index_12151,3.0
index_12152,5.0
index_12153,1.0
index_12154,5.0
index_12155,4.0
index_12156,1.0
index_12157,2.0
index_12158,4.0
index_12159,4.0
index_12160,3.0
index_12161,3.0
index_12162,2.0
index_12163,3.0
index_12164,5.0
index_12165,5.0
index_12166,2.0
index_12167,5.0
index_12168,1.0
index_12169,1.0
index_12170,2.0
index_12171,3.0
index_12172,1.0
index_12173,4.0
index_12174,4.0
index_12175,1.0
index_12176,2.0
index_12177,1.0
index_12178,4.0
index_12179,2.0
index_12180,2.0
index_12181,1.0
index_12182,1.0
index_12183,1.0
index_12184,3.0
index_12185,1.0
index_12186,4.0
index_12187,4.0
index_12188,1.0
index_12189,5.0
index_12190,3.0
index_12191,1.0
index_12192,1.0
index_12193,5.0
index_12194,1.0
index_12195,4.0
index_12196,1.0
index_12197,4.0
index_12198,2.0
index_12199,1.0
index_12200,4.0
index_12201,2.0
index_12202,4.0
index_12203,3.0
index_12204,2.0
index_12205,1.0
index_12206,1.0
index_12207,4.0
index_12208,2.0
index_12209,4.0
index_12210,4.0
index_12211,2.0
index_12212,5.0
index_12213,4.0
index_12214,5.0
index_12215,2.0
index_12216,5.0
index_12217,4.0
index_12218,3.0
index_12219,1.0
index_12220,5.0
index_12221,3.0
index_12222,1.0
index_12223,4.0
index_12224,1.0
index_12225,4.0
index_12226,2.0
index_12227,1.0
index_12228,5.0
index_12229,3.0
index_12230,1.0
index_12231,2.0
index_12232,2.0
index_12233,4.0
index_12234,1.0
index_12235,2.0
index_12236,1.0
index_12237,5.0
index_12238,4.0
index_12239,3.0
index_12240,3.0
index_12241,5.0
index_12242,2.0
index_12243,5.0
index_12244,4.0
index_12245,2.0
index_12246,2.0
index_12247,3.0
index_12248,4.0
index_12249,4.0
index_12250,1.0
index_12251,5.0
index_12252,3.0
index_12253,4.0
index_12254,1.0
index_12255,3.0
index_12256,3.0
index_12257,1.0
index_12258,5.0
index_12259,1.0
index_12260,3.0
index_12261,5.0
index_12262,3.0
index_12263,5.0
index_12264,3.0
index_12265,1.0
index_12266,4.0
index_12267,4.0
index_12268,2.0
index_12269,1.0
index_12270,5.0
index_12271,1.0
index_12272,4.0
index_12273,1.0
index_12274,3.0
index_12275,4.0
index_12276,1.0
index_12277,3.0
index_12278,5.0
index_12279,1.0
index_12280,4.0
index_12281,4.0
index_12282,5.0
index_12283,1.0
index_12284,4.0
index_12285,5.0
index_12286,5.0
index_12287,5.0
index_12288,3.0
index_12289,4.0
index_12290,3.0
index_12291,4.0
index_12292,4.0
index_12293,5.0
index_12294,5.0
index_12295,1.0
index_12296,2.0
index_12297,4.0
index_12298,1.0
index_12299,4.0
index_12300,5.0
index_12301,2.0
index_12302,3.0
index_12303,5.0
index_12304,3.0
index_12305,4.0
index_12306,2.0
index_12307,4.0
index_12308,5.0
index_12309,1.0
index_12310,2.0
index_12311,1.0
index_12312,4.0
index_12313,1.0
index_12314,1.0
index_12315,4.0
index_12316,1.0
index_12317,1.0
index_12318,2.0
index_12319,5.0
index_12320,2.0
index_12321,2.0
index_12322,2.0
index_12323,1.0
index_12324,5.0
index_12325,3.0
index_12326,5.0
index_12327,3.0
index_12328,1.0
index_12329,4.0
index_12330,5.0
index_12331,1.0
index_12332,5.0
index_12333,5.0
index_12334,1.0
index_12335,4.0
index_12336,1.0
index_12337,4.0
index_12338,3.0
index_12339,3.0
index_12340,3.0
index_12341,4.0
index_12342,2.0
index_12343,3.0
index_12344,2.0
index_12345,5.0
index_12346,3.0
index_12347,4.0
index_12348,2.0
index_12349,5.0
index_12350,1.0
index_12351,1.0
index_12352,4.0
index_12353,3.0
index_12354,3.0
index_12355,3.0
index_12356,5.0
index_12357,5.0
index_12358,2.0
index_12359,1.0
index_12360,1.0
index_12361,5.0
index_12362,4.0
index_12363,5.0
index_12364,2.0
index_12365,1.0
index_12366,1.0
index_12367,4.0
index_12368,5.0
index_12369,2.0
index_12370,4.0
index_12371,3.0
index_12372,2.0
index_12373,1.0
index_12374,2.0
index_12375,3.0
index_12376,2.0
index_12377,2.0
index_12378,2.0
index_12379,5.0
index_12380,3.0
index_12381,3.0
index_12382,3.0
index_12383,4.0
index_12384,5.0
index_12385,5.0
index_12386,5.0
index_12387,2.0
index_12388,2.0
index_12389,2.0
index_12390,3.0
index_12391,3.0
index_12392,5.0
index_12393,1.0
index_12394,4.0
index_12395,3.0
index_12396,2.0
index_12397,4.0
index_12398,3.0
index_12399,2.0
index_12400,3.0
index_12401,3.0
index_12402,2.0
index_12403,1.0
index_12404,3.0
index_12405,3.0
index_12406,3.0
index_12407,2.0
index_12408,2.0
index_12409,3.0
index_12410,4.0
index_12411,1.0
index_12412,3.0
index_12413,3.0
index_12414,5.0
index_12415,4.0
index_12416,5.0
index_12417,4.0
index_12418,1.0
index_12419,3.0
index_12420,2.0
index_12421,3.0
index_12422,5.0
index_12423,1.0
index_12424,5.0
index_12425,5.0
index_12426,3.0
index_12427,1.0
index_12428,3.0
index_12429,1.0
index_12430,2.0
index_12431,2.0
index_12432,5.0
index_12433,5.0
index_12434,1.0
index_12435,5.0
index_12436,1.0
index_12437,4.0
index_12438,5.0
index_12439,3.0
index_12440,4.0
index_12441,3.0
index_12442,3.0
index_12443,4.0
index_12444,4.0
index_12445,2.0
index_12446,5.0
index_12447,2.0
index_12448,1.0
index_12449,3.0
index_12450,2.0
index_12451,4.0
index_12452,3.0
index_12453,1.0
index_12454,2.0
index_12455,4.0
index_12456,5.0
index_12457,2.0
index_12458,4.0
index_12459,4.0
index_12460,5.0
index_12461,4.0
index_12462,5.0
index_12463,5.0
index_12464,2.0
index_12465,2.0
index_12466,3.0
index_12467,1.0
index_12468,2.0
index_12469,5.0
index_12470,1.0
index_12471,5.0
index_12472,5.0
index_12473,1.0
index_12474,1.0
index_12475,4.0
index_12476,2.0
index_12477,3.0
index_12478,1.0
index_12479,2.0
index_12480,5.0
index_12481,1.0
index_12482,2.0
index_12483,3.0
index_12484,1.0
index_12485,2.0
index_12486,1.0
index_12487,5.0
index_12488,3.0
index_12489,2.0
index_12490,5.0
index_12491,4.0
index_12492,1.0
index_12493,3.0
index_12494,5.0
index_12495,2.0
index_12496,1.0
index_12497,2.0
index_12498,1.0
index_12499,3.0
index_12500,3.0
index_12501,4.0
index_12502,2.0
index_12503,5.0
index_12504,1.0
index_12505,2.0
index_12506,4.0
index_12507,5.0
index_12508,2.0
index_12509,5.0
index_12510,5.0
index_12511,2.0
index_12512,4.0
index_12513,3.0
index_12514,5.0
index_12515,5.0
index_12516,3.0
index_12517,3.0
index_12518,2.0
index_12519,3.0
index_12520,2.0
index_12521,1.0
index_12522,3.0
index_12523,2.0
index_12524,3.0
index_12525,5.0
index_12526,3.0
index_12527,3.0
index_12528,5.0
index_12529,2.0
index_12530,2.0
index_12531,5.0
index_12532,5.0
index_12533,2.0
index_12534,2.0
index_12535,5.0
index_12536,3.0
index_12537,5.0
index_12538,1.0
index_12539,1.0
index_12540,2.0
index_12541,2.0
index_12542,4.0
index_12543,3.0
index_12544,4.0
index_12545,2.0
index_12546,3.0
index_12547,2.0
index_12548,1.0
index_12549,1.0
index_12550,4.0
index_12551,5.0
index_12552,3.0
index_12553,1.0
index_12554,1.0
index_12555,4.0
index_12556,5.0
index_12557,3.0
index_12558,3.0
index_12559,5.0
index_12560,3.0
index_12561,4.0
index_12562,4.0
index_12563,4.0
index_12564,1.0
index_12565,4.0
index_12566,1.0
index_12567,5.0
index_12568,3.0
index_12569,5.0
index_12570,5.0
index_12571,1.0
index_12572,1.0
index_12573,2.0
index_12574,2.0
index_12575,4.0
index_12576,5.0
index_12577,5.0
index_12578,2.0
index_12579,5.0
index_12580,1.0
index_12581,5.0
index_12582,1.0
index_12583,1.0
index_12584,1.0
index_12585,5.0
index_12586,2.0
index_12587,2.0
index_12588,2.0
index_12589,1.0
index_12590,1.0
index_12591,4.0
index_12592,4.0
index_12593,3.0
index_12594,3.0
index_12595,2.0
index_12596,1.0
index_12597,2.0
index_12598,2.0
index_12599,1.0
index_12600,2.0
index_12601,1.0
index_12602,3.0
index_12603,5.0
index_12604,5.0
index_12605,2.0
index_12606,3.0
index_12607,4.0
index_12608,4.0
index_12609,3.0
index_12610,5.0
index_12611,5.0
index_12612,2.0
index_12613,5.0
index_12614,2.0
index_12615,2.0
index_12616,5.0
index_12617,2.0
index_12618,5.0
index_12619,2.0
index_12620,3.0
index_12621,5.0
index_12622,5.0
index_12623,2.0
index_12624,3.0
index_12625,5.0
index_12626,2.0
index_12627,3.0
index_12628,3.0
index_12629,1.0
index_12630,5.0
index_12631,5.0
index_12632,3.0
index_12633,3.0
index_12634,1.0
index_12635,4.0
index_12636,1.0
index_12637,1.0
index_12638,2.0
index_12639,4.0
index_12640,5.0
index_12641,5.0
index_12642,2.0
index_12643,1.0
index_12644,2.0
index_12645,4.0
index_12646,2.0
index_12647,4.0
index_12648,1.0
index_12649,2.0
index_12650,1.0
index_12651,3.0
index_12652,3.0
index_12653,3.0
index_12654,4.0
index_12655,5.0
index_12656,5.0
index_12657,2.0
index_12658,5.0
index_12659,5.0
index_12660,1.0
index_12661,4.0
index_12662,4.0
index_12663,3.0
index_12664,4.0
index_12665,5.0
index_12666,5.0
index_12667,3.0
index_12668,2.0
index_12669,1.0
index_12670,1.0
index_12671,2.0
index_12672,2.0
index_12673,1.0
index_12674,5.0
index_12675,4.0
index_12676,1.0
index_12677,4.0
index_12678,1.0
index_12679,4.0
index_12680,1.0
index_12681,1.0
index_12682,4.0
index_12683,1.0
index_12684,2.0
index_12685,2.0
index_12686,2.0
index_12687,4.0
index_12688,2.0
index_12689,3.0
index_12690,1.0
index_12691,3.0
index_12692,5.0
index_12693,5.0
index_12694,2.0
index_12695,3.0
index_12696,2.0
index_12697,2.0
index_12698,2.0
index_12699,4.0
index_12700,2.0
index_12701,1.0
index_12702,5.0
index_12703,2.0
index_12704,4.0
index_12705,3.0
index_12706,4.0
index_12707,5.0
index_12708,5.0
index_12709,5.0
index_12710,1.0
index_12711,4.0
index_12712,4.0
index_12713,2.0
index_12714,4.0
index_12715,2.0
index_12716,5.0
index_12717,5.0
index_12718,4.0
index_12719,1.0
index_12720,3.0
index_12721,3.0
index_12722,4.0
index_12723,3.0
index_12724,1.0
index_12725,5.0
index_12726,1.0
index_12727,2.0
index_12728,5.0
index_12729,4.0
index_12730,2.0
index_12731,5.0
index_12732,5.0
index_12733,5.0
index_12734,3.0
index_12735,5.0
index_12736,1.0
index_12737,5.0
index_12738,3.0
index_12739,3.0
index_12740,4.0
index_12741,5.0
index_12742,1.0
index_12743,1.0
index_12744,3.0
index_12745,1.0
index_12746,5.0
index_12747,1.0
index_12748,2.0
index_12749,4.0
index_12750,2.0
index_12751,1.0
index_12752,2.0
index_12753,3.0
index_12754,5.0
index_12755,5.0
index_12756,5.0
index_12757,1.0
index_12758,4.0
index_12759,4.0
index_12760,3.0
index_12761,2.0
index_12762,5.0
index_12763,3.0
index_12764,1.0
index_12765,5.0
index_12766,5.0
index_12767,2.0
index_12768,5.0
index_12769,5.0
index_12770,4.0
index_12771,3.0
index_12772,2.0
index_12773,1.0
index_12774,2.0
index_12775,1.0
index_12776,3.0
index_12777,3.0
index_12778,1.0
index_12779,3.0
index_12780,5.0
index_12781,4.0
index_12782,4.0
index_12783,4.0
index_12784,5.0
index_12785,3.0
index_12786,3.0
index_12787,4.0
index_12788,2.0
index_12789,2.0
index_12790,5.0
index_12791,4.0
index_12792,4.0
index_12793,3.0
index_12794,4.0
index_12795,3.0
index_12796,2.0
index_12797,3.0
index_12798,2.0
index_12799,3.0
index_12800,2.0
index_12801,1.0
index_12802,4.0
index_12803,4.0
index_12804,3.0
index_12805,1.0
index_12806,3.0
index_12807,1.0
index_12808,1.0
index_12809,2.0
index_12810,3.0
index_12811,1.0
index_12812,1.0
index_12813,1.0
index_12814,4.0
index_12815,4.0
index_12816,5.0
index_12817,4.0
index_12818,2.0
index_12819,2.0
index_12820,3.0
index_12821,3.0
index_12822,1.0
index_12823,1.0
index_12824,2.0
index_12825,5.0
index_12826,3.0
index_12827,5.0
index_12828,3.0
index_12829,4.0
index_12830,5.0
index_12831,3.0
index_12832,5.0
index_12833,5.0
index_12834,1.0
index_12835,4.0
index_12836,2.0
index_12837,3.0
index_12838,1.0
index_12839,3.0
index_12840,2.0
index_12841,3.0
index_12842,1.0
index_12843,1.0
index_12844,3.0
index_12845,1.0
index_12846,1.0
index_12847,5.0
index_12848,2.0
index_12849,2.0
index_12850,1.0
index_12851,4.0
index_12852,4.0
index_12853,5.0
index_12854,4.0
index_12855,4.0
index_12856,2.0
index_12857,3.0
index_12858,2.0
index_12859,2.0
index_12860,1.0
index_12861,3.0
index_12862,4.0
index_12863,5.0
index_12864,3.0
index_12865,5.0
index_12866,5.0
index_12867,3.0
index_12868,4.0
index_12869,5.0
index_12870,4.0
index_12871,1.0
index_12872,5.0
index_12873,2.0
index_12874,2.0
index_12875,3.0
index_12876,5.0
index_12877,1.0
index_12878,4.0
index_12879,5.0
index_12880,5.0
index_12881,5.0
index_12882,1.0
index_12883,1.0
index_12884,2.0
index_12885,2.0
index_12886,1.0
index_12887,2.0
index_12888,5.0
index_12889,3.0
index_12890,2.0
index_12891,1.0
index_12892,2.0
index_12893,2.0
index_12894,3.0
index_12895,2.0
index_12896,3.0
index_12897,4.0
index_12898,3.0
index_12899,3.0
index_12900,4.0
index_12901,3.0
index_12902,3.0
index_12903,4.0
index_12904,4.0
index_12905,5.0
index_12906,3.0
index_12907,1.0
index_12908,5.0
index_12909,4.0
index_12910,1.0
index_12911,3.0
index_12912,1.0
index_12913,4.0
index_12914,3.0
index_12915,5.0
index_12916,1.0
index_12917,1.0
index_12918,5.0
index_12919,1.0
index_12920,1.0
index_12921,2.0
index_12922,1.0
index_12923,4.0
index_12924,4.0
index_12925,5.0
index_12926,3.0
index_12927,3.0
index_12928,4.0
index_12929,1.0
index_12930,1.0
index_12931,5.0
index_12932,2.0
index_12933,3.0
index_12934,2.0
index_12935,3.0
index_12936,5.0
index_12937,4.0
index_12938,2.0
index_12939,5.0
index_12940,3.0
index_12941,2.0
index_12942,3.0
index_12943,5.0
index_12944,4.0
index_12945,4.0
index_12946,5.0
index_12947,4.0
index_12948,1.0
index_12949,3.0
index_12950,3.0
index_12951,3.0
index_12952,2.0
index_12953,5.0
index_12954,4.0
index_12955,3.0
index_12956,3.0
index_12957,5.0
index_12958,3.0
index_12959,5.0
index_12960,5.0
index_12961,2.0
index_12962,2.0
index_12963,5.0
index_12964,2.0
index_12965,5.0
index_12966,5.0
index_12967,4.0
index_12968,1.0
index_12969,3.0
index_12970,2.0
index_12971,5.0
index_12972,4.0
index_12973,1.0
index_12974,4.0
index_12975,2.0
index_12976,4.0
index_12977,3.0
index_12978,1.0
index_12979,5.0
index_12980,1.0
index_12981,4.0
index_12982,1.0
index_12983,1.0
index_12984,4.0
index_12985,1.0
index_12986,3.0
index_12987,2.0
index_12988,1.0
index_12989,3.0
index_12990,4.0
index_12991,1.0
index_12992,4.0
index_12993,1.0
index_12994,4.0
index_12995,1.0
index_12996,1.0
index_12997,1.0
index_12998,1.0
index_12999,3.0
index_13000,3.0
index_13001,2.0
index_13002,5.0
index_13003,3.0
index_13004,5.0
index_13005,5.0
index_13006,3.0
index_13007,2.0
index_13008,2.0
index_13009,2.0
index_13010,2.0
index_13011,3.0
index_13012,2.0
index_13013,5.0
index_13014,3.0
index_13015,1.0
index_13016,4.0
index_13017,5.0
index_13018,2.0
index_13019,4.0
index_13020,2.0
index_13021,2.0
index_13022,3.0
index_13023,3.0
index_13024,1.0
index_13025,4.0
index_13026,1.0
index_13027,5.0
index_13028,5.0
index_13029,3.0
index_13030,2.0
index_13031,5.0
index_13032,1.0
index_13033,3.0
index_13034,3.0
index_13035,4.0
index_13036,1.0
index_13037,1.0
index_13038,1.0
index_13039,4.0
index_13040,3.0
index_13041,3.0
index_13042,4.0
index_13043,1.0
index_13044,3.0
index_13045,1.0
index_13046,3.0
index_13047,2.0
index_13048,5.0
index_13049,1.0
index_13050,3.0
index_13051,5.0
index_13052,2.0
index_13053,4.0
index_13054,5.0
index_13055,5.0
index_13056,2.0
index_13057,5.0
index_13058,2.0
index_13059,3.0
index_13060,3.0
index_13061,3.0
index_13062,4.0
index_13063,1.0
index_13064,1.0
index_13065,2.0
index_13066,3.0
index_13067,1.0
index_13068,3.0
index_13069,5.0
index_13070,5.0
index_13071,1.0
index_13072,3.0
index_13073,5.0
index_13074,2.0
index_13075,5.0
index_13076,3.0
index_13077,4.0
index_13078,1.0
index_13079,2.0
index_13080,4.0
index_13081,3.0
index_13082,3.0
index_13083,1.0
index_13084,2.0
index_13085,4.0
index_13086,5.0
index_13087,2.0
index_13088,2.0
index_13089,4.0
index_13090,5.0
index_13091,3.0
index_13092,1.0
index_13093,3.0
index_13094,3.0
index_13095,4.0
index_13096,3.0
index_13097,3.0
index_13098,2.0
index_13099,3.0
index_13100,5.0
index_13101,3.0
index_13102,2.0
index_13103,5.0
index_13104,4.0
index_13105,4.0
index_13106,5.0
index_13107,1.0
index_13108,2.0
index_13109,1.0
index_13110,4.0
index_13111,3.0
index_13112,3.0
index_13113,1.0
index_13114,3.0
index_13115,3.0
index_13116,3.0
index_13117,1.0
index_13118,4.0
index_13119,3.0
index_13120,4.0
index_13121,2.0
index_13122,1.0
index_13123,3.0
index_13124,5.0
index_13125,4.0
index_13126,2.0
index_13127,4.0
index_13128,1.0
index_13129,5.0
index_13130,3.0
index_13131,4.0
index_13132,2.0
index_13133,2.0
index_13134,1.0
index_13135,2.0
index_13136,1.0
index_13137,4.0
index_13138,3.0
index_13139,2.0
index_13140,5.0
index_13141,1.0
index_13142,5.0
index_13143,2.0
index_13144,1.0
index_13145,4.0
index_13146,5.0
index_13147,2.0
index_13148,1.0
index_13149,2.0
index_13150,3.0
index_13151,5.0
index_13152,3.0
index_13153,5.0
index_13154,4.0
index_13155,3.0
index_13156,1.0
index_13157,4.0
index_13158,4.0
index_13159,5.0
index_13160,2.0
index_13161,4.0
index_13162,4.0
index_13163,1.0
index_13164,5.0
index_13165,5.0
index_13166,5.0
index_13167,3.0
index_13168,1.0
index_13169,3.0
index_13170,1.0
index_13171,3.0
index_13172,3.0
index_13173,3.0
index_13174,5.0
index_13175,2.0
index_13176,3.0
index_13177,3.0
index_13178,1.0
index_13179,4.0
index_13180,4.0
index_13181,5.0
index_13182,3.0
index_13183,2.0
index_13184,5.0
index_13185,4.0
index_13186,2.0
index_13187,3.0
index_13188,3.0
index_13189,4.0
index_13190,3.0
index_13191,2.0
index_13192,3.0
index_13193,5.0
index_13194,2.0
index_13195,4.0
index_13196,4.0
index_13197,1.0
index_13198,1.0
index_13199,1.0
index_13200,5.0
index_13201,5.0
index_13202,4.0
index_13203,1.0
index_13204,4.0
index_13205,1.0
index_13206,5.0
index_13207,3.0
index_13208,1.0
index_13209,2.0
index_13210,1.0
index_13211,4.0
index_13212,3.0
index_13213,4.0
index_13214,2.0
index_13215,2.0
index_13216,1.0
index_13217,1.0
index_13218,3.0
index_13219,5.0
index_13220,5.0
index_13221,3.0
index_13222,3.0
index_13223,3.0
index_13224,3.0
index_13225,4.0
index_13226,3.0
index_13227,1.0
index_13228,5.0
index_13229,3.0
index_13230,1.0
index_13231,1.0
index_13232,3.0
index_13233,5.0
index_13234,1.0
index_13235,5.0
index_13236,5.0
index_13237,5.0
index_13238,5.0
index_13239,1.0
index_13240,3.0
index_13241,1.0
index_13242,5.0
index_13243,1.0
index_13244,1.0
index_13245,1.0
index_13246,3.0
index_13247,4.0
index_13248,5.0
index_13249,5.0
index_13250,1.0
index_13251,5.0
index_13252,2.0
index_13253,1.0
index_13254,2.0
index_13255,3.0
index_13256,4.0
index_13257,2.0
index_13258,2.0
index_13259,3.0
index_13260,5.0
index_13261,3.0
index_13262,3.0
index_13263,5.0
index_13264,1.0
index_13265,2.0
index_13266,5.0
index_13267,2.0
index_13268,5.0
index_13269,3.0
index_13270,5.0
index_13271,1.0
index_13272,2.0
index_13273,5.0
index_13274,1.0
index_13275,5.0
index_13276,3.0
index_13277,1.0
index_13278,3.0
index_13279,5.0
index_13280,5.0
index_13281,3.0
index_13282,5.0
index_13283,5.0
index_13284,2.0
index_13285,5.0
index_13286,4.0
index_13287,4.0
index_13288,2.0
index_13289,5.0
index_13290,4.0
index_13291,1.0
index_13292,2.0
index_13293,2.0
index_13294,1.0
index_13295,4.0
index_13296,1.0
index_13297,4.0
index_13298,3.0
index_13299,2.0
index_13300,3.0
index_13301,5.0
index_13302,3.0
index_13303,5.0
index_13304,5.0
index_13305,4.0
index_13306,3.0
index_13307,1.0
index_13308,3.0
index_13309,2.0
index_13310,3.0
index_13311,1.0
index_13312,3.0
index_13313,1.0
index_13314,4.0
index_13315,2.0
index_13316,5.0
index_13317,5.0
index_13318,1.0
index_13319,3.0
index_13320,4.0
index_13321,4.0
index_13322,5.0
index_13323,5.0
index_13324,5.0
index_13325,4.0
index_13326,2.0
index_13327,1.0
index_13328,3.0
index_13329,1.0
index_13330,2.0
index_13331,5.0
index_13332,2.0
index_13333,1.0
index_13334,2.0
index_13335,4.0
index_13336,1.0
index_13337,2.0
index_13338,1.0
index_13339,1.0
index_13340,3.0
index_13341,2.0
index_13342,5.0
index_13343,1.0
index_13344,5.0
index_13345,4.0
index_13346,1.0
index_13347,1.0
index_13348,1.0
index_13349,1.0
index_13350,3.0
index_13351,1.0
index_13352,1.0
index_13353,1.0
index_13354,2.0
index_13355,1.0
index_13356,3.0
index_13357,3.0
index_13358,5.0
index_13359,4.0
index_13360,2.0
index_13361,2.0
index_13362,1.0
index_13363,1.0
index_13364,3.0
index_13365,3.0
index_13366,1.0
index_13367,1.0
index_13368,2.0
index_13369,4.0
index_13370,3.0
index_13371,1.0
index_13372,4.0
index_13373,5.0
index_13374,2.0
index_13375,3.0
index_13376,1.0
index_13377,2.0
index_13378,4.0
index_13379,4.0
index_13380,3.0
index_13381,2.0
index_13382,3.0
index_13383,2.0
index_13384,2.0
index_13385,1.0
index_13386,4.0
index_13387,1.0
index_13388,1.0
index_13389,3.0
index_13390,1.0
index_13391,3.0
index_13392,5.0
index_13393,4.0
index_13394,3.0
index_13395,2.0
index_13396,4.0
index_13397,5.0
index_13398,2.0
index_13399,2.0
index_13400,2.0
index_13401,2.0
index_13402,5.0
index_13403,1.0
index_13404,4.0
index_13405,5.0
index_13406,2.0
index_13407,2.0
index_13408,3.0
index_13409,1.0
index_13410,1.0
index_13411,3.0
index_13412,5.0
index_13413,3.0
index_13414,3.0
index_13415,4.0
index_13416,5.0
index_13417,2.0
index_13418,2.0
index_13419,1.0
index_13420,5.0
index_13421,3.0
index_13422,5.0
index_13423,5.0
index_13424,4.0
index_13425,3.0
index_13426,5.0
index_13427,3.0
index_13428,5.0
index_13429,5.0
index_13430,3.0
index_13431,5.0
index_13432,4.0
index_13433,4.0
index_13434,3.0
index_13435,3.0
index_13436,1.0
index_13437,4.0
index_13438,2.0
index_13439,5.0
index_13440,3.0
index_13441,5.0
index_13442,2.0
index_13443,2.0
index_13444,2.0
index_13445,5.0
index_13446,2.0
index_13447,3.0
index_13448,2.0
index_13449,3.0
index_13450,1.0
index_13451,2.0
index_13452,5.0
index_13453,5.0
index_13454,4.0
index_13455,3.0
index_13456,1.0
index_13457,5.0
index_13458,2.0
index_13459,5.0
index_13460,1.0
index_13461,2.0
index_13462,2.0
index_13463,5.0
index_13464,5.0
index_13465,5.0
index_13466,4.0
index_13467,1.0
index_13468,4.0
index_13469,1.0
index_13470,2.0
index_13471,3.0
index_13472,4.0
index_13473,5.0
index_13474,1.0
index_13475,5.0
index_13476,1.0
index_13477,4.0
index_13478,1.0
index_13479,2.0
index_13480,1.0
index_13481,4.0
index_13482,1.0
index_13483,3.0
index_13484,1.0
index_13485,3.0
index_13486,4.0
index_13487,5.0
index_13488,1.0
index_13489,4.0
index_13490,4.0
index_13491,1.0
index_13492,3.0
index_13493,3.0
index_13494,3.0
index_13495,1.0
index_13496,3.0
index_13497,2.0
index_13498,5.0
index_13499,4.0
index_13500,4.0
index_13501,5.0
index_13502,3.0
index_13503,2.0
index_13504,3.0
index_13505,1.0
index_13506,2.0
index_13507,1.0
index_13508,3.0
index_13509,5.0
index_13510,2.0
index_13511,1.0
index_13512,2.0
index_13513,5.0
index_13514,4.0
index_13515,5.0
index_13516,3.0
index_13517,2.0
index_13518,1.0
index_13519,5.0
index_13520,4.0
index_13521,3.0
index_13522,1.0
index_13523,2.0
index_13524,3.0
index_13525,3.0
index_13526,4.0
index_13527,3.0
index_13528,1.0
index_13529,5.0
index_13530,2.0
index_13531,5.0
index_13532,2.0
index_13533,2.0
index_13534,5.0
index_13535,1.0
index_13536,5.0
index_13537,4.0
index_13538,5.0
index_13539,1.0
index_13540,2.0
index_13541,4.0
index_13542,5.0
index_13543,1.0
index_13544,3.0
index_13545,3.0
index_13546,5.0
index_13547,2.0
index_13548,1.0
index_13549,5.0
index_13550,2.0
index_13551,3.0
index_13552,4.0
index_13553,3.0
index_13554,2.0
index_13555,2.0
index_13556,5.0
index_13557,5.0
index_13558,5.0
index_13559,1.0
index_13560,4.0
index_13561,1.0
index_13562,4.0
index_13563,5.0
index_13564,3.0
index_13565,2.0
index_13566,1.0
index_13567,1.0
index_13568,1.0
index_13569,2.0
index_13570,2.0
index_13571,1.0
index_13572,2.0
index_13573,1.0
index_13574,5.0
index_13575,5.0
index_13576,2.0
index_13577,3.0
index_13578,5.0
index_13579,3.0
index_13580,3.0
index_13581,4.0
index_13582,2.0
index_13583,5.0
index_13584,4.0
index_13585,1.0
index_13586,3.0
index_13587,1.0
index_13588,4.0
index_13589,4.0
index_13590,2.0
index_13591,5.0
index_13592,4.0
index_13593,2.0
index_13594,4.0
index_13595,3.0
index_13596,1.0
index_13597,1.0
index_13598,2.0
index_13599,4.0
index_13600,4.0
index_13601,1.0
index_13602,1.0
index_13603,5.0
index_13604,4.0
index_13605,5.0
index_13606,3.0
index_13607,4.0
index_13608,3.0
index_13609,1.0
index_13610,3.0
index_13611,3.0
index_13612,2.0
index_13613,1.0
index_13614,1.0
index_13615,4.0
index_13616,2.0
index_13617,2.0
index_13618,1.0
index_13619,2.0
index_13620,5.0
index_13621,3.0
index_13622,2.0
index_13623,1.0
index_13624,5.0
index_13625,4.0
index_13626,4.0
index_13627,3.0
index_13628,2.0
index_13629,4.0
index_13630,3.0
index_13631,5.0
index_13632,4.0
index_13633,2.0
index_13634,1.0
index_13635,2.0
index_13636,5.0
index_13637,1.0
index_13638,2.0
index_13639,3.0
index_13640,4.0
index_13641,1.0
index_13642,3.0
index_13643,5.0
index_13644,2.0
index_13645,3.0
index_13646,1.0
index_13647,1.0
index_13648,4.0
index_13649,5.0
index_13650,4.0
index_13651,2.0
index_13652,1.0
index_13653,3.0
index_13654,2.0
index_13655,1.0
index_13656,4.0
index_13657,3.0
index_13658,2.0
index_13659,1.0
index_13660,4.0
index_13661,3.0
index_13662,2.0
index_13663,1.0
index_13664,4.0
index_13665,2.0
index_13666,1.0
index_13667,1.0
index_13668,2.0
index_13669,1.0
index_13670,1.0
index_13671,1.0
index_13672,4.0
index_13673,4.0
index_13674,1.0
index_13675,2.0
index_13676,4.0
index_13677,2.0
index_13678,4.0
index_13679,1.0
index_13680,1.0
index_13681,4.0
index_13682,4.0
index_13683,1.0
index_13684,2.0
index_13685,3.0
index_13686,1.0
index_13687,1.0
index_13688,5.0
index_13689,1.0
index_13690,1.0
index_13691,4.0
index_13692,5.0
index_13693,1.0
index_13694,5.0
index_13695,4.0
index_13696,1.0
index_13697,1.0
index_13698,2.0
index_13699,5.0
index_13700,4.0
index_13701,4.0
index_13702,5.0
index_13703,5.0
index_13704,1.0
index_13705,2.0
index_13706,4.0
index_13707,4.0
index_13708,5.0
index_13709,2.0
index_13710,5.0
index_13711,2.0
index_13712,1.0
index_13713,5.0
index_13714,2.0
index_13715,4.0
index_13716,5.0
index_13717,1.0
index_13718,3.0
index_13719,2.0
index_13720,3.0
index_13721,1.0
index_13722,4.0
index_13723,4.0
index_13724,1.0
index_13725,2.0
index_13726,2.0
index_13727,3.0
index_13728,5.0
index_13729,1.0
index_13730,2.0
index_13731,3.0
index_13732,2.0
index_13733,3.0
index_13734,3.0
index_13735,5.0
index_13736,1.0
index_13737,4.0
index_13738,3.0
index_13739,2.0
index_13740,2.0
index_13741,3.0
index_13742,2.0
index_13743,1.0
index_13744,5.0
index_13745,2.0
index_13746,2.0
index_13747,5.0
index_13748,1.0
index_13749,5.0
index_13750,2.0
index_13751,2.0
index_13752,3.0
index_13753,1.0
index_13754,5.0
index_13755,1.0
index_13756,5.0
index_13757,2.0
index_13758,2.0
index_13759,2.0
index_13760,2.0
index_13761,3.0
index_13762,1.0
index_13763,2.0
index_13764,5.0
index_13765,2.0
index_13766,5.0
index_13767,4.0
index_13768,3.0
index_13769,3.0
index_13770,1.0
index_13771,4.0
index_13772,3.0
index_13773,4.0
index_13774,2.0
index_13775,4.0
index_13776,3.0
index_13777,2.0
index_13778,3.0
index_13779,4.0
index_13780,4.0
index_13781,4.0
index_13782,5.0
index_13783,2.0
index_13784,4.0
index_13785,2.0
index_13786,1.0
index_13787,1.0
index_13788,4.0
index_13789,2.0
index_13790,1.0
index_13791,5.0
index_13792,2.0
index_13793,4.0
index_13794,1.0
index_13795,5.0
index_13796,5.0
index_13797,4.0
index_13798,2.0
index_13799,2.0
index_13800,4.0
index_13801,4.0
index_13802,2.0
index_13803,1.0
index_13804,1.0
index_13805,3.0
index_13806,2.0
index_13807,3.0
index_13808,1.0
index_13809,1.0
index_13810,2.0
index_13811,4.0
index_13812,4.0
index_13813,3.0
index_13814,1.0
index_13815,5.0
index_13816,3.0
index_13817,3.0
index_13818,1.0
index_13819,1.0
index_13820,3.0
index_13821,2.0
index_13822,3.0
index_13823,2.0
index_13824,5.0
index_13825,2.0
index_13826,4.0
index_13827,2.0
index_13828,1.0
index_13829,3.0
index_13830,3.0
index_13831,3.0
index_13832,1.0
index_13833,1.0
index_13834,5.0
index_13835,1.0
index_13836,2.0
index_13837,2.0
index_13838,1.0
index_13839,2.0
index_13840,5.0
index_13841,3.0
index_13842,4.0
index_13843,3.0
index_13844,4.0
index_13845,5.0
index_13846,4.0
index_13847,3.0
index_13848,5.0
index_13849,1.0
index_13850,5.0
index_13851,2.0
index_13852,5.0
index_13853,1.0
index_13854,4.0
index_13855,2.0
index_13856,2.0
index_13857,5.0
index_13858,3.0
index_13859,5.0
index_13860,5.0
index_13861,4.0
index_13862,1.0
index_13863,5.0
index_13864,1.0
index_13865,4.0
index_13866,1.0
index_13867,3.0
index_13868,3.0
index_13869,4.0
index_13870,2.0
index_13871,1.0
index_13872,3.0
index_13873,3.0
index_13874,4.0
index_13875,5.0
index_13876,3.0
index_13877,3.0
index_13878,1.0
index_13879,1.0
index_13880,1.0
index_13881,2.0
index_13882,3.0
index_13883,1.0
index_13884,5.0
index_13885,3.0
index_13886,2.0
index_13887,2.0
index_13888,1.0
index_13889,3.0
index_13890,1.0
index_13891,1.0
index_13892,4.0
index_13893,5.0
index_13894,5.0
index_13895,3.0
index_13896,3.0
index_13897,4.0
index_13898,5.0
index_13899,2.0
index_13900,5.0
index_13901,3.0
index_13902,1.0
index_13903,3.0
index_13904,2.0
index_13905,2.0
index_13906,1.0
index_13907,3.0
index_13908,5.0
index_13909,1.0
index_13910,2.0
index_13911,1.0
index_13912,1.0
index_13913,1.0
index_13914,1.0
index_13915,4.0
index_13916,5.0
index_13917,4.0
index_13918,1.0
index_13919,5.0
index_13920,3.0
index_13921,1.0
index_13922,5.0
index_13923,5.0
index_13924,5.0
index_13925,5.0
index_13926,5.0
index_13927,5.0
index_13928,1.0
index_13929,4.0
index_13930,5.0
index_13931,5.0
index_13932,4.0
index_13933,2.0
index_13934,4.0
index_13935,1.0
index_13936,1.0
index_13937,5.0
index_13938,3.0
index_13939,4.0
index_13940,3.0
index_13941,1.0
index_13942,2.0
index_13943,3.0
index_13944,5.0
index_13945,3.0
index_13946,5.0
index_13947,1.0
index_13948,3.0
index_13949,2.0
index_13950,2.0
index_13951,4.0
index_13952,2.0
index_13953,1.0
index_13954,3.0
index_13955,5.0
index_13956,4.0
index_13957,5.0
index_13958,3.0
index_13959,5.0
index_13960,1.0
index_13961,3.0
index_13962,1.0
index_13963,3.0
index_13964,5.0
index_13965,1.0
index_13966,3.0
index_13967,3.0
index_13968,2.0
index_13969,4.0
index_13970,1.0
index_13971,3.0
index_13972,3.0
index_13973,1.0
index_13974,1.0
index_13975,2.0
index_13976,5.0
index_13977,3.0
index_13978,1.0
index_13979,1.0
index_13980,2.0
index_13981,5.0
index_13982,3.0
index_13983,2.0
index_13984,3.0
index_13985,5.0
index_13986,2.0
index_13987,2.0
index_13988,2.0
index_13989,1.0
index_13990,2.0
index_13991,5.0
index_13992,5.0
index_13993,5.0
index_13994,2.0
index_13995,2.0
index_13996,1.0
index_13997,5.0
index_13998,3.0
index_13999,1.0
index_14000,2.0
index_14001,4.0
index_14002,2.0
index_14003,1.0
index_14004,3.0
index_14005,1.0
index_14006,3.0
index_14007,5.0
index_14008,4.0
index_14009,1.0
index_14010,4.0
index_14011,1.0
index_14012,3.0
index_14013,1.0
index_14014,3.0
index_14015,3.0
index_14016,5.0
index_14017,4.0
index_14018,3.0
index_14019,1.0
index_14020,3.0
index_14021,3.0
index_14022,2.0
index_14023,1.0
index_14024,2.0
index_14025,4.0
index_14026,5.0
index_14027,5.0
index_14028,5.0
index_14029,1.0
index_14030,1.0
index_14031,1.0
index_14032,5.0
index_14033,1.0
index_14034,5.0
index_14035,5.0
index_14036,1.0
index_14037,4.0
index_14038,3.0
index_14039,4.0
index_14040,2.0
index_14041,3.0
index_14042,3.0
index_14043,4.0
index_14044,4.0
index_14045,1.0
index_14046,2.0
index_14047,2.0
index_14048,2.0
index_14049,4.0
index_14050,3.0
index_14051,2.0
index_14052,1.0
index_14053,4.0
index_14054,5.0
index_14055,4.0
index_14056,1.0
index_14057,4.0
index_14058,3.0
index_14059,2.0
index_14060,2.0
index_14061,3.0
index_14062,2.0
index_14063,2.0
index_14064,5.0
index_14065,3.0
index_14066,1.0
index_14067,1.0
index_14068,4.0
index_14069,4.0
index_14070,4.0
index_14071,3.0
index_14072,5.0
index_14073,5.0
index_14074,1.0
index_14075,1.0
index_14076,4.0
index_14077,4.0
index_14078,2.0
index_14079,2.0
index_14080,5.0
index_14081,3.0
index_14082,5.0
index_14083,5.0
index_14084,4.0
index_14085,1.0
index_14086,4.0
index_14087,2.0
index_14088,2.0
index_14089,1.0
index_14090,1.0
index_14091,1.0
index_14092,3.0
index_14093,1.0
index_14094,1.0
index_14095,5.0
index_14096,1.0
index_14097,1.0
index_14098,4.0
index_14099,5.0
index_14100,5.0
index_14101,3.0
index_14102,1.0
index_14103,5.0
index_14104,3.0
index_14105,1.0
index_14106,2.0
index_14107,1.0
index_14108,5.0
index_14109,3.0
index_14110,1.0
index_14111,3.0
index_14112,5.0
index_14113,5.0
index_14114,1.0
index_14115,4.0
index_14116,5.0
index_14117,3.0
index_14118,3.0
index_14119,1.0
index_14120,2.0
index_14121,3.0
index_14122,4.0
index_14123,3.0
index_14124,5.0
index_14125,4.0
index_14126,1.0
index_14127,3.0
index_14128,5.0
index_14129,1.0
index_14130,3.0
index_14131,1.0
index_14132,1.0
index_14133,4.0
index_14134,5.0
index_14135,4.0
index_14136,2.0
index_14137,4.0
index_14138,3.0
index_14139,3.0
index_14140,5.0
index_14141,2.0
index_14142,1.0
index_14143,2.0
index_14144,1.0
index_14145,1.0
index_14146,2.0
index_14147,2.0
index_14148,5.0
index_14149,4.0
index_14150,5.0
index_14151,1.0
index_14152,1.0
index_14153,2.0
index_14154,2.0
index_14155,4.0
index_14156,3.0
index_14157,3.0
index_14158,2.0
index_14159,4.0
index_14160,2.0
index_14161,3.0
index_14162,3.0
index_14163,1.0
index_14164,3.0
index_14165,2.0
index_14166,4.0
index_14167,1.0
index_14168,2.0
index_14169,5.0
index_14170,5.0
index_14171,5.0
index_14172,2.0
index_14173,5.0
index_14174,5.0
index_14175,1.0
index_14176,4.0
index_14177,4.0
index_14178,1.0
index_14179,3.0
index_14180,3.0
index_14181,2.0
index_14182,5.0
index_14183,4.0
index_14184,4.0
index_14185,2.0
index_14186,1.0
index_14187,1.0
index_14188,4.0
index_14189,2.0
index_14190,1.0
index_14191,2.0
index_14192,3.0
index_14193,4.0
index_14194,5.0
index_14195,5.0
index_14196,3.0
index_14197,3.0
index_14198,5.0
index_14199,2.0
index_14200,2.0
index_14201,5.0
index_14202,5.0
index_14203,3.0
index_14204,2.0
index_14205,4.0
index_14206,5.0
index_14207,3.0
index_14208,4.0
index_14209,1.0
index_14210,1.0
index_14211,3.0
index_14212,5.0
index_14213,5.0
index_14214,2.0
index_14215,2.0
index_14216,3.0
index_14217,3.0
index_14218,5.0
index_14219,5.0
index_14220,3.0
index_14221,1.0
index_14222,4.0
index_14223,4.0
index_14224,3.0
index_14225,4.0
index_14226,4.0
index_14227,2.0
index_14228,1.0
index_14229,3.0
index_14230,1.0
index_14231,1.0
index_14232,4.0
index_14233,4.0
index_14234,5.0
index_14235,5.0
index_14236,2.0
index_14237,2.0
index_14238,1.0
index_14239,4.0
index_14240,5.0
index_14241,1.0
index_14242,3.0
index_14243,1.0
index_14244,5.0
index_14245,3.0
index_14246,4.0
index_14247,5.0
index_14248,3.0
index_14249,3.0
index_14250,3.0
index_14251,1.0
index_14252,5.0
index_14253,3.0
index_14254,4.0
index_14255,2.0
index_14256,1.0
index_14257,2.0
index_14258,4.0
index_14259,1.0
index_14260,2.0
index_14261,5.0
index_14262,4.0
index_14263,2.0
index_14264,1.0
index_14265,2.0
index_14266,5.0
index_14267,2.0
index_14268,1.0
index_14269,3.0
index_14270,5.0
index_14271,3.0
index_14272,5.0
index_14273,1.0
index_14274,5.0
index_14275,5.0
index_14276,3.0
index_14277,2.0
index_14278,5.0
index_14279,2.0
index_14280,3.0
index_14281,5.0
index_14282,1.0
index_14283,4.0
index_14284,2.0
index_14285,4.0
index_14286,2.0
index_14287,2.0
index_14288,3.0
index_14289,2.0
index_14290,1.0
index_14291,2.0
index_14292,4.0
index_14293,1.0
index_14294,1.0
index_14295,5.0
index_14296,2.0
index_14297,3.0
index_14298,3.0
index_14299,3.0
index_14300,4.0
index_14301,5.0
index_14302,1.0
index_14303,4.0
index_14304,3.0
index_14305,3.0
index_14306,1.0
index_14307,3.0
index_14308,1.0
index_14309,4.0
index_14310,3.0
index_14311,1.0
index_14312,5.0
index_14313,1.0
index_14314,2.0
index_14315,4.0
index_14316,4.0
index_14317,4.0
index_14318,2.0
index_14319,1.0
index_14320,5.0
index_14321,4.0
index_14322,1.0
index_14323,5.0
index_14324,4.0
index_14325,2.0
index_14326,3.0
index_14327,2.0
index_14328,3.0
index_14329,3.0
index_14330,5.0
index_14331,2.0
index_14332,2.0
index_14333,3.0
index_14334,2.0
index_14335,2.0
index_14336,3.0
index_14337,3.0
index_14338,3.0
index_14339,4.0
index_14340,3.0
index_14341,5.0
index_14342,3.0
index_14343,1.0
index_14344,4.0
index_14345,5.0
index_14346,2.0
index_14347,3.0
index_14348,2.0
index_14349,4.0
index_14350,4.0
index_14351,2.0
index_14352,2.0
index_14353,1.0
index_14354,5.0
index_14355,3.0
index_14356,5.0
index_14357,4.0
index_14358,2.0
index_14359,2.0
index_14360,5.0
index_14361,2.0
index_14362,1.0
index_14363,1.0
index_14364,4.0
index_14365,5.0
index_14366,2.0
index_14367,1.0
index_14368,1.0
index_14369,1.0
index_14370,4.0
index_14371,2.0
index_14372,1.0
index_14373,3.0
index_14374,3.0
index_14375,5.0
index_14376,4.0
index_14377,3.0
index_14378,3.0
index_14379,2.0
index_14380,1.0
index_14381,1.0
index_14382,3.0
index_14383,5.0
index_14384,5.0
index_14385,1.0
index_14386,1.0
index_14387,2.0
index_14388,1.0
index_14389,5.0
index_14390,5.0
index_14391,2.0
index_14392,3.0
index_14393,3.0
index_14394,3.0
index_14395,1.0
index_14396,5.0
index_14397,3.0
index_14398,3.0
index_14399,2.0
index_14400,4.0
index_14401,4.0
index_14402,4.0
index_14403,3.0
index_14404,1.0
index_14405,1.0
index_14406,5.0
index_14407,1.0
index_14408,1.0
index_14409,2.0
index_14410,2.0
index_14411,1.0
index_14412,2.0
index_14413,1.0
index_14414,3.0
index_14415,2.0
index_14416,5.0
index_14417,4.0
index_14418,5.0
index_14419,2.0
index_14420,5.0
index_14421,2.0
index_14422,3.0
index_14423,4.0
index_14424,4.0
index_14425,5.0
index_14426,2.0
index_14427,4.0
index_14428,5.0
index_14429,5.0
index_14430,5.0
index_14431,1.0
index_14432,4.0
index_14433,2.0
index_14434,2.0
index_14435,4.0
index_14436,2.0
index_14437,2.0
index_14438,1.0
index_14439,4.0
index_14440,3.0
index_14441,4.0
index_14442,2.0
index_14443,5.0
index_14444,2.0
index_14445,5.0
index_14446,1.0
index_14447,1.0
index_14448,2.0
index_14449,4.0
index_14450,4.0
index_14451,3.0
index_14452,5.0
index_14453,5.0
index_14454,1.0
index_14455,2.0
index_14456,4.0
index_14457,1.0
index_14458,2.0
index_14459,5.0
index_14460,4.0
index_14461,1.0
index_14462,5.0
index_14463,1.0
index_14464,5.0
index_14465,2.0
index_14466,1.0
index_14467,2.0
index_14468,5.0
index_14469,1.0
index_14470,5.0
index_14471,5.0
index_14472,3.0
index_14473,3.0
index_14474,4.0
index_14475,5.0
index_14476,4.0
index_14477,2.0
index_14478,2.0
index_14479,4.0
index_14480,2.0
index_14481,4.0
index_14482,2.0
index_14483,4.0
index_14484,3.0
index_14485,3.0
index_14486,3.0
index_14487,5.0
index_14488,2.0
index_14489,3.0
index_14490,5.0
index_14491,5.0
index_14492,3.0
index_14493,2.0
index_14494,2.0
index_14495,2.0
index_14496,2.0
index_14497,4.0
index_14498,1.0
index_14499,4.0
index_14500,4.0
index_14501,4.0
index_14502,4.0
index_14503,3.0
index_14504,3.0
index_14505,5.0
index_14506,3.0
index_14507,4.0
index_14508,2.0
index_14509,3.0
index_14510,3.0
index_14511,1.0
index_14512,5.0
index_14513,3.0
index_14514,1.0
index_14515,1.0
index_14516,4.0
index_14517,3.0
index_14518,2.0
index_14519,3.0
index_14520,3.0
index_14521,4.0
index_14522,5.0
index_14523,3.0
index_14524,1.0
index_14525,5.0
index_14526,1.0
index_14527,1.0
index_14528,3.0
index_14529,5.0
index_14530,5.0
index_14531,1.0
index_14532,1.0
index_14533,1.0
index_14534,4.0
index_14535,5.0
index_14536,3.0
index_14537,3.0
index_14538,3.0
index_14539,3.0
index_14540,1.0
index_14541,4.0
index_14542,5.0
index_14543,4.0
index_14544,4.0
index_14545,4.0
index_14546,4.0
index_14547,1.0
index_14548,4.0
index_14549,2.0
index_14550,5.0
index_14551,5.0
index_14552,5.0
index_14553,2.0
index_14554,5.0
index_14555,4.0
index_14556,2.0
index_14557,5.0
index_14558,5.0
index_14559,1.0
index_14560,3.0
index_14561,5.0
index_14562,3.0
index_14563,5.0
index_14564,3.0
index_14565,2.0
index_14566,5.0
index_14567,2.0
index_14568,4.0
index_14569,5.0
index_14570,4.0
index_14571,5.0
index_14572,4.0
index_14573,2.0
index_14574,1.0
index_14575,4.0
index_14576,2.0
index_14577,2.0
index_14578,4.0
index_14579,2.0
index_14580,1.0
index_14581,4.0
index_14582,3.0
index_14583,1.0
index_14584,5.0
index_14585,1.0
index_14586,4.0
index_14587,3.0
index_14588,3.0
index_14589,4.0
index_14590,3.0
index_14591,3.0
index_14592,3.0
index_14593,1.0
index_14594,4.0
index_14595,5.0
index_14596,2.0
index_14597,2.0
index_14598,2.0
index_14599,3.0
index_14600,2.0
index_14601,3.0
index_14602,2.0
index_14603,1.0
index_14604,2.0
index_14605,5.0
index_14606,3.0
index_14607,5.0
index_14608,5.0
index_14609,1.0
index_14610,3.0
index_14611,5.0
index_14612,3.0
index_14613,3.0
index_14614,1.0
index_14615,1.0
index_14616,3.0
index_14617,1.0
index_14618,2.0
index_14619,5.0
index_14620,5.0
index_14621,3.0
index_14622,2.0
index_14623,1.0
index_14624,4.0
index_14625,5.0
index_14626,2.0
index_14627,1.0
index_14628,2.0
index_14629,5.0
index_14630,1.0
index_14631,3.0
index_14632,5.0
index_14633,2.0
index_14634,3.0
index_14635,2.0
index_14636,3.0
index_14637,3.0
index_14638,4.0
index_14639,2.0
index_14640,2.0
index_14641,2.0
index_14642,1.0
index_14643,3.0
index_14644,5.0
index_14645,2.0
index_14646,5.0
index_14647,2.0
index_14648,5.0
index_14649,5.0
index_14650,1.0
index_14651,4.0
index_14652,4.0
index_14653,1.0
index_14654,5.0
index_14655,4.0
index_14656,5.0
index_14657,5.0
index_14658,3.0
index_14659,5.0
index_14660,3.0
index_14661,3.0
index_14662,3.0
index_14663,5.0
index_14664,4.0
index_14665,3.0
index_14666,5.0
index_14667,1.0
index_14668,5.0
index_14669,1.0
index_14670,5.0
index_14671,5.0
index_14672,4.0
index_14673,5.0
index_14674,2.0
index_14675,2.0
index_14676,3.0
index_14677,5.0
index_14678,2.0
index_14679,2.0
index_14680,1.0
index_14681,4.0
index_14682,4.0
index_14683,4.0
index_14684,1.0
index_14685,2.0
index_14686,1.0
index_14687,4.0
index_14688,2.0
index_14689,1.0
index_14690,5.0
index_14691,4.0
index_14692,5.0
index_14693,5.0
index_14694,1.0
index_14695,1.0
index_14696,1.0
index_14697,1.0
index_14698,2.0
index_14699,3.0
index_14700,3.0
index_14701,4.0
index_14702,2.0
index_14703,5.0
index_14704,5.0
index_14705,1.0
index_14706,2.0
index_14707,1.0
index_14708,5.0
index_14709,4.0
index_14710,1.0
index_14711,5.0
index_14712,2.0
index_14713,4.0
index_14714,4.0
index_14715,5.0
index_14716,1.0
index_14717,3.0
index_14718,2.0
index_14719,3.0
index_14720,4.0
index_14721,5.0
index_14722,4.0
index_14723,4.0
index_14724,1.0
index_14725,5.0
index_14726,1.0
index_14727,5.0
index_14728,3.0
index_14729,5.0
index_14730,4.0
index_14731,5.0
index_14732,5.0
index_14733,3.0
index_14734,3.0
index_14735,4.0
index_14736,1.0
index_14737,5.0
index_14738,3.0
index_14739,1.0
index_14740,3.0
index_14741,5.0
index_14742,5.0
index_14743,4.0
index_14744,4.0
index_14745,5.0
index_14746,3.0
index_14747,1.0
index_14748,1.0
index_14749,3.0
index_14750,1.0
index_14751,2.0
index_14752,5.0
index_14753,3.0
index_14754,4.0
index_14755,1.0
index_14756,1.0
index_14757,2.0
index_14758,3.0
index_14759,4.0
index_14760,5.0
index_14761,2.0
index_14762,2.0
index_14763,3.0
index_14764,2.0
index_14765,4.0
index_14766,1.0
index_14767,1.0
index_14768,3.0
index_14769,1.0
index_14770,1.0
index_14771,1.0
index_14772,5.0
index_14773,1.0
index_14774,2.0
index_14775,4.0
index_14776,5.0
index_14777,1.0
index_14778,1.0
index_14779,3.0
index_14780,4.0
index_14781,5.0
index_14782,1.0
index_14783,5.0
index_14784,5.0
index_14785,5.0
index_14786,4.0
index_14787,4.0
index_14788,2.0
index_14789,1.0
index_14790,4.0
index_14791,3.0
index_14792,3.0
index_14793,1.0
index_14794,5.0
index_14795,3.0
index_14796,3.0
index_14797,4.0
index_14798,5.0
index_14799,3.0
index_14800,5.0
index_14801,2.0
index_14802,2.0
index_14803,2.0
index_14804,4.0
index_14805,3.0
index_14806,5.0
index_14807,1.0
index_14808,1.0
index_14809,5.0
index_14810,1.0
index_14811,5.0
index_14812,1.0
index_14813,1.0
index_14814,3.0
index_14815,2.0
index_14816,5.0
index_14817,3.0
index_14818,1.0
index_14819,5.0
index_14820,5.0
index_14821,3.0
index_14822,3.0
index_14823,5.0
index_14824,1.0
index_14825,3.0
index_14826,2.0
index_14827,5.0
index_14828,3.0
index_14829,3.0
index_14830,1.0
index_14831,5.0
index_14832,1.0
index_14833,2.0
index_14834,5.0
index_14835,2.0
index_14836,1.0
index_14837,3.0
index_14838,5.0
index_14839,4.0
index_14840,3.0
index_14841,5.0
index_14842,4.0
index_14843,4.0
index_14844,5.0
index_14845,5.0
index_14846,1.0
index_14847,4.0
index_14848,4.0
index_14849,4.0
index_14850,5.0
index_14851,3.0
index_14852,4.0
index_14853,1.0
index_14854,5.0
index_14855,4.0
index_14856,1.0
index_14857,4.0
index_14858,5.0
index_14859,4.0
index_14860,2.0
index_14861,5.0
index_14862,1.0
index_14863,5.0
index_14864,3.0
index_14865,3.0
index_14866,5.0
index_14867,2.0
index_14868,4.0
index_14869,4.0
index_14870,3.0
index_14871,1.0
index_14872,4.0
index_14873,4.0
index_14874,4.0
index_14875,5.0
index_14876,1.0
index_14877,5.0
index_14878,1.0
index_14879,3.0
index_14880,2.0
index_14881,4.0
index_14882,1.0
index_14883,5.0
index_14884,5.0
index_14885,5.0
index_14886,3.0
index_14887,1.0
index_14888,3.0
index_14889,3.0
index_14890,4.0
index_14891,4.0
index_14892,2.0
index_14893,3.0
index_14894,1.0
index_14895,5.0
index_14896,1.0
index_14897,4.0
index_14898,4.0
index_14899,1.0
index_14900,4.0
index_14901,5.0
index_14902,1.0
index_14903,5.0
index_14904,5.0
index_14905,2.0
index_14906,5.0
index_14907,4.0
index_14908,2.0
index_14909,2.0
index_14910,5.0
index_14911,3.0
index_14912,1.0
index_14913,5.0
index_14914,1.0
index_14915,1.0
index_14916,3.0
index_14917,5.0
index_14918,2.0
index_14919,4.0
index_14920,4.0
index_14921,2.0
index_14922,3.0
index_14923,2.0
index_14924,1.0
index_14925,3.0
index_14926,5.0
index_14927,5.0
index_14928,3.0
index_14929,3.0
index_14930,5.0
index_14931,2.0
index_14932,1.0
index_14933,3.0
index_14934,3.0
index_14935,3.0
index_14936,4.0
index_14937,5.0
index_14938,1.0
index_14939,4.0
index_14940,2.0
index_14941,2.0
index_14942,3.0
index_14943,5.0
index_14944,3.0
index_14945,5.0
index_14946,4.0
index_14947,3.0
index_14948,1.0
index_14949,2.0
index_14950,3.0
index_14951,2.0
index_14952,2.0
index_14953,1.0
index_14954,3.0
index_14955,2.0
index_14956,4.0
index_14957,1.0
index_14958,2.0
index_14959,5.0
index_14960,4.0
index_14961,1.0
index_14962,1.0
index_14963,1.0
index_14964,5.0
index_14965,2.0
index_14966,3.0
index_14967,2.0
index_14968,5.0
index_14969,1.0
index_14970,5.0
index_14971,4.0
index_14972,2.0
index_14973,1.0
index_14974,3.0
index_14975,1.0
index_14976,1.0
index_14977,5.0
index_14978,5.0
index_14979,5.0
index_14980,4.0
index_14981,2.0
index_14982,5.0
index_14983,2.0
index_14984,3.0
index_14985,5.0
index_14986,4.0
index_14987,2.0
index_14988,4.0
index_14989,5.0
index_14990,2.0
index_14991,2.0
index_14992,1.0
index_14993,5.0
index_14994,5.0
index_14995,4.0
index_14996,3.0
index_14997,1.0
index_14998,3.0
index_14999,5.0
index_15000,2.0
index_15001,3.0
index_15002,3.0
index_15003,2.0
index_15004,1.0
index_15005,2.0
index_15006,4.0
index_15007,3.0
index_15008,4.0
index_15009,5.0
index_15010,3.0
index_15011,2.0
index_15012,5.0
index_15013,2.0
index_15014,1.0
index_15015,3.0
index_15016,4.0
index_15017,2.0
index_15018,5.0
index_15019,2.0
index_15020,3.0
index_15021,3.0
index_15022,2.0
index_15023,3.0
index_15024,2.0
index_15025,3.0
index_15026,5.0
index_15027,1.0
index_15028,3.0
index_15029,5.0
index_15030,1.0
index_15031,2.0
index_15032,1.0
index_15033,4.0
index_15034,3.0
index_15035,2.0
index_15036,5.0
index_15037,4.0
index_15038,1.0
index_15039,2.0
index_15040,2.0
index_15041,4.0
index_15042,1.0
index_15043,2.0
index_15044,5.0
index_15045,5.0
index_15046,4.0
index_15047,4.0
index_15048,2.0
index_15049,3.0
index_15050,2.0
index_15051,1.0
index_15052,1.0
index_15053,2.0
index_15054,2.0
index_15055,5.0
index_15056,5.0
index_15057,5.0
index_15058,5.0
index_15059,3.0
index_15060,2.0
index_15061,2.0
index_15062,5.0
index_15063,1.0
index_15064,5.0
index_15065,1.0
index_15066,2.0
index_15067,3.0
index_15068,3.0
index_15069,1.0
index_15070,5.0
index_15071,3.0
index_15072,3.0
index_15073,2.0
index_15074,5.0
index_15075,5.0
index_15076,5.0
index_15077,4.0
index_15078,3.0
index_15079,3.0
index_15080,2.0
index_15081,4.0
index_15082,1.0
index_15083,5.0
index_15084,2.0
index_15085,5.0
index_15086,4.0
index_15087,2.0
index_15088,3.0
index_15089,1.0
index_15090,3.0
index_15091,1.0
index_15092,4.0
index_15093,1.0
index_15094,5.0
index_15095,5.0
index_15096,1.0
index_15097,4.0
index_15098,3.0
index_15099,1.0
index_15100,5.0
index_15101,5.0
index_15102,1.0
index_15103,4.0
index_15104,3.0
index_15105,5.0
index_15106,3.0
index_15107,3.0
index_15108,5.0
index_15109,3.0
index_15110,4.0
index_15111,2.0
index_15112,3.0
index_15113,2.0
index_15114,2.0
index_15115,1.0
index_15116,1.0
index_15117,1.0
index_15118,5.0
index_15119,2.0
index_15120,3.0
index_15121,3.0
index_15122,1.0
index_15123,2.0
index_15124,1.0
index_15125,4.0
index_15126,5.0
index_15127,3.0
index_15128,3.0
index_15129,1.0
index_15130,3.0
index_15131,5.0
index_15132,1.0
index_15133,5.0
index_15134,4.0
index_15135,1.0
index_15136,5.0
index_15137,3.0
index_15138,5.0
index_15139,2.0
index_15140,5.0
index_15141,4.0
index_15142,2.0
index_15143,3.0
index_15144,3.0
index_15145,4.0
index_15146,1.0
index_15147,1.0
index_15148,2.0
index_15149,3.0
index_15150,1.0
index_15151,5.0
index_15152,5.0
index_15153,5.0
index_15154,4.0
index_15155,3.0
index_15156,4.0
index_15157,2.0
index_15158,3.0
index_15159,5.0
index_15160,2.0
index_15161,5.0
index_15162,2.0
index_15163,5.0
index_15164,4.0
index_15165,3.0
index_15166,1.0
index_15167,2.0
index_15168,1.0
index_15169,1.0
index_15170,1.0
index_15171,3.0
index_15172,1.0
index_15173,5.0
index_15174,3.0
index_15175,4.0
index_15176,2.0
index_15177,5.0
index_15178,3.0
index_15179,5.0
index_15180,1.0
index_15181,5.0
index_15182,4.0
index_15183,3.0
index_15184,1.0
index_15185,1.0
index_15186,3.0
index_15187,2.0
index_15188,5.0
index_15189,5.0
index_15190,5.0
index_15191,4.0
index_15192,3.0
index_15193,5.0
index_15194,2.0
index_15195,4.0
index_15196,5.0
index_15197,4.0
index_15198,3.0
index_15199,2.0
index_15200,2.0
index_15201,4.0
index_15202,1.0
index_15203,3.0
index_15204,1.0
index_15205,3.0
index_15206,4.0
index_15207,5.0
index_15208,1.0
index_15209,5.0
index_15210,2.0
index_15211,2.0
index_15212,5.0
index_15213,2.0
index_15214,3.0
index_15215,3.0
index_15216,5.0
index_15217,1.0
index_15218,2.0
index_15219,1.0
index_15220,2.0
index_15221,5.0
index_15222,2.0
index_15223,3.0
index_15224,1.0
index_15225,5.0
index_15226,1.0
index_15227,3.0
index_15228,2.0
index_15229,2.0
index_15230,5.0
index_15231,4.0
index_15232,5.0
index_15233,4.0
index_15234,1.0
index_15235,3.0
index_15236,4.0
index_15237,4.0
index_15238,3.0
index_15239,1.0
index_15240,2.0
index_15241,2.0
index_15242,2.0
index_15243,2.0
index_15244,2.0
index_15245,5.0
index_15246,1.0
index_15247,2.0
index_15248,5.0
index_15249,2.0
index_15250,5.0
index_15251,3.0
index_15252,4.0
index_15253,5.0
index_15254,1.0
index_15255,5.0
index_15256,3.0
index_15257,2.0
index_15258,5.0
index_15259,3.0
index_15260,2.0
index_15261,4.0
index_15262,4.0
index_15263,5.0
index_15264,5.0
index_15265,3.0
index_15266,4.0
index_15267,2.0
index_15268,3.0
index_15269,3.0
index_15270,3.0
index_15271,3.0
index_15272,1.0
index_15273,3.0
index_15274,5.0
index_15275,3.0
index_15276,5.0
index_15277,3.0
index_15278,5.0
index_15279,3.0
index_15280,2.0
index_15281,3.0
index_15282,1.0
index_15283,4.0
index_15284,1.0
index_15285,5.0
index_15286,2.0
index_15287,1.0
index_15288,5.0
index_15289,3.0
index_15290,2.0
index_15291,2.0
index_15292,2.0
index_15293,3.0
index_15294,3.0
index_15295,1.0
index_15296,3.0
index_15297,5.0
index_15298,1.0
index_15299,3.0
index_15300,4.0
index_15301,4.0
index_15302,3.0
index_15303,4.0
index_15304,1.0
index_15305,2.0
index_15306,4.0
index_15307,5.0
index_15308,3.0
index_15309,3.0
index_15310,1.0
index_15311,5.0
index_15312,2.0
index_15313,2.0
index_15314,2.0
index_15315,5.0
index_15316,5.0
index_15317,4.0
index_15318,3.0
index_15319,2.0
index_15320,5.0
index_15321,5.0
index_15322,4.0
index_15323,3.0
index_15324,5.0
index_15325,5.0
index_15326,3.0
index_15327,2.0
index_15328,1.0
index_15329,5.0
index_15330,2.0
index_15331,3.0
index_15332,1.0
index_15333,2.0
index_15334,5.0
index_15335,1.0
index_15336,5.0
index_15337,5.0
index_15338,5.0
index_15339,1.0
index_15340,4.0
index_15341,1.0
index_15342,1.0
index_15343,5.0
index_15344,4.0
index_15345,3.0
index_15346,4.0
index_15347,3.0
index_15348,4.0
index_15349,4.0
index_15350,3.0
index_15351,2.0
index_15352,1.0
index_15353,3.0
index_15354,5.0
index_15355,2.0
index_15356,5.0
index_15357,1.0
index_15358,5.0
index_15359,3.0
index_15360,3.0
index_15361,2.0
index_15362,5.0
index_15363,5.0
index_15364,2.0
index_15365,5.0
index_15366,1.0
index_15367,3.0
index_15368,5.0
index_15369,2.0
index_15370,2.0
index_15371,4.0
index_15372,2.0
index_15373,2.0
index_15374,3.0
index_15375,1.0
index_15376,2.0
index_15377,2.0
index_15378,2.0
index_15379,2.0
index_15380,4.0
index_15381,1.0
index_15382,5.0
index_15383,5.0
index_15384,3.0
index_15385,2.0
index_15386,3.0
index_15387,5.0
index_15388,5.0
index_15389,3.0
index_15390,3.0
index_15391,4.0
index_15392,5.0
index_15393,4.0
index_15394,5.0
index_15395,1.0
index_15396,5.0
index_15397,4.0
index_15398,1.0
index_15399,5.0
index_15400,5.0
index_15401,5.0
index_15402,5.0
index_15403,4.0
index_15404,3.0
index_15405,3.0
index_15406,1.0
index_15407,1.0
index_15408,2.0
index_15409,3.0
index_15410,4.0
index_15411,4.0
index_15412,2.0
index_15413,2.0
index_15414,3.0
index_15415,4.0
index_15416,4.0
index_15417,2.0
index_15418,2.0
index_15419,5.0
index_15420,5.0
index_15421,5.0
index_15422,1.0
index_15423,2.0
index_15424,1.0
index_15425,1.0
index_15426,4.0
index_15427,3.0
index_15428,5.0
index_15429,5.0
index_15430,1.0
index_15431,4.0
index_15432,5.0
index_15433,4.0
index_15434,3.0
index_15435,3.0
index_15436,5.0
index_15437,1.0
index_15438,4.0
index_15439,5.0
index_15440,2.0
index_15441,3.0
index_15442,1.0
index_15443,4.0
index_15444,3.0
index_15445,2.0
index_15446,5.0
index_15447,1.0
index_15448,2.0
index_15449,2.0
index_15450,2.0
index_15451,2.0
index_15452,2.0
index_15453,4.0
index_15454,4.0
index_15455,3.0
index_15456,4.0
index_15457,5.0
index_15458,5.0
index_15459,3.0
index_15460,1.0
index_15461,5.0
index_15462,3.0
index_15463,4.0
index_15464,3.0
index_15465,1.0
index_15466,3.0
index_15467,3.0
index_15468,5.0
index_15469,5.0
index_15470,2.0
index_15471,1.0
index_15472,2.0
index_15473,3.0
index_15474,2.0
index_15475,3.0
index_15476,3.0
index_15477,5.0
index_15478,2.0
index_15479,5.0
index_15480,5.0
index_15481,3.0
index_15482,3.0
index_15483,3.0
index_15484,1.0
index_15485,1.0
index_15486,5.0
index_15487,2.0
index_15488,5.0
index_15489,2.0
index_15490,3.0
index_15491,2.0
index_15492,3.0
index_15493,3.0
index_15494,1.0
index_15495,5.0
index_15496,5.0
index_15497,1.0
index_15498,1.0
index_15499,2.0
index_15500,1.0
index_15501,1.0
index_15502,5.0
index_15503,1.0
index_15504,1.0
index_15505,3.0
index_15506,1.0
index_15507,1.0
index_15508,3.0
index_15509,4.0
index_15510,5.0
index_15511,3.0
index_15512,5.0
index_15513,5.0
index_15514,3.0
index_15515,2.0
index_15516,1.0
index_15517,2.0
index_15518,2.0
index_15519,5.0
index_15520,3.0
index_15521,2.0
index_15522,1.0
index_15523,5.0
index_15524,1.0
index_15525,5.0
index_15526,2.0
index_15527,1.0
index_15528,3.0
index_15529,4.0
index_15530,3.0
index_15531,4.0
index_15532,5.0
index_15533,2.0
index_15534,5.0
index_15535,5.0
index_15536,4.0
index_15537,2.0
index_15538,5.0
index_15539,3.0
index_15540,1.0
index_15541,3.0
index_15542,1.0
index_15543,1.0
index_15544,4.0
index_15545,1.0
index_15546,2.0
index_15547,1.0
index_15548,5.0
index_15549,4.0
index_15550,3.0
index_15551,3.0
index_15552,5.0
index_15553,4.0
index_15554,1.0
index_15555,5.0
index_15556,1.0
index_15557,5.0
index_15558,4.0
index_15559,5.0
index_15560,1.0
index_15561,2.0
index_15562,2.0
index_15563,5.0
index_15564,1.0
index_15565,3.0
index_15566,2.0
index_15567,3.0
index_15568,1.0
index_15569,5.0
index_15570,4.0
index_15571,1.0
index_15572,2.0
index_15573,4.0
index_15574,1.0
index_15575,5.0
index_15576,4.0
index_15577,4.0
index_15578,2.0
index_15579,2.0
index_15580,1.0
index_15581,3.0
index_15582,2.0
index_15583,5.0
index_15584,3.0
index_15585,3.0
index_15586,5.0
index_15587,1.0
index_15588,5.0
index_15589,4.0
index_15590,1.0
index_15591,1.0
index_15592,4.0
index_15593,5.0
index_15594,1.0
index_15595,2.0
index_15596,1.0
index_15597,3.0
index_15598,5.0
index_15599,4.0
index_15600,3.0
index_15601,4.0
index_15602,1.0
index_15603,5.0
index_15604,4.0
index_15605,4.0
index_15606,2.0
index_15607,4.0
index_15608,1.0
index_15609,2.0
index_15610,2.0
index_15611,5.0
index_15612,3.0
index_15613,5.0
index_15614,3.0
index_15615,5.0
index_15616,1.0
index_15617,1.0
index_15618,5.0
index_15619,1.0
index_15620,1.0
index_15621,2.0
index_15622,1.0
index_15623,1.0
index_15624,4.0
index_15625,1.0
index_15626,5.0
index_15627,2.0
index_15628,5.0
index_15629,1.0
index_15630,1.0
index_15631,3.0
index_15632,1.0
index_15633,5.0
index_15634,1.0
index_15635,1.0
index_15636,5.0
index_15637,1.0
index_15638,4.0
index_15639,3.0
index_15640,5.0
index_15641,3.0
index_15642,5.0
index_15643,2.0
index_15644,2.0
index_15645,5.0
index_15646,1.0
index_15647,3.0
index_15648,4.0
index_15649,1.0
index_15650,5.0
index_15651,1.0
index_15652,3.0
index_15653,4.0
index_15654,1.0
index_15655,4.0
index_15656,4.0
index_15657,5.0
index_15658,5.0
index_15659,3.0
index_15660,5.0
index_15661,3.0
index_15662,2.0
index_15663,4.0
index_15664,2.0
index_15665,1.0
index_15666,1.0
index_15667,1.0
index_15668,5.0
index_15669,5.0
index_15670,2.0
index_15671,3.0
index_15672,1.0
index_15673,5.0
index_15674,1.0
index_15675,1.0
index_15676,5.0
index_15677,1.0
index_15678,1.0
index_15679,3.0
index_15680,4.0
index_15681,2.0
index_15682,4.0
index_15683,2.0
index_15684,3.0
index_15685,3.0
index_15686,4.0
index_15687,5.0
index_15688,5.0
index_15689,5.0
index_15690,4.0
index_15691,1.0
index_15692,5.0
index_15693,3.0
index_15694,1.0
index_15695,5.0
index_15696,4.0
index_15697,5.0
index_15698,1.0
index_15699,1.0
index_15700,2.0
index_15701,3.0
index_15702,4.0
index_15703,3.0
index_15704,5.0
index_15705,5.0
index_15706,3.0
index_15707,2.0
index_15708,2.0
index_15709,3.0
index_15710,5.0
index_15711,2.0
index_15712,5.0
index_15713,4.0
index_15714,4.0
index_15715,5.0
index_15716,5.0
index_15717,4.0
index_15718,4.0
index_15719,5.0
index_15720,2.0
index_15721,5.0
index_15722,2.0
index_15723,5.0
index_15724,5.0
index_15725,5.0
index_15726,2.0
index_15727,1.0
index_15728,3.0
index_15729,3.0
index_15730,3.0
index_15731,1.0
index_15732,5.0
index_15733,3.0
index_15734,5.0
index_15735,1.0
index_15736,1.0
index_15737,5.0
index_15738,1.0
index_15739,4.0
index_15740,2.0
index_15741,2.0
index_15742,2.0
index_15743,5.0
index_15744,3.0
index_15745,2.0
index_15746,3.0
index_15747,4.0
index_15748,1.0
index_15749,5.0
index_15750,5.0
index_15751,5.0
index_15752,4.0
index_15753,1.0
index_15754,5.0
index_15755,4.0
index_15756,3.0
index_15757,1.0
index_15758,5.0
index_15759,5.0
index_15760,3.0
index_15761,1.0
index_15762,5.0
index_15763,1.0
index_15764,5.0
index_15765,2.0
index_15766,2.0
index_15767,2.0
index_15768,4.0
index_15769,1.0
index_15770,2.0
index_15771,3.0
index_15772,3.0
index_15773,1.0
index_15774,1.0
index_15775,1.0
index_15776,1.0
index_15777,5.0
index_15778,1.0
index_15779,5.0
index_15780,2.0
index_15781,3.0
index_15782,4.0
index_15783,1.0
index_15784,1.0
index_15785,1.0
index_15786,5.0
index_15787,3.0
index_15788,2.0
index_15789,2.0
index_15790,3.0
index_15791,5.0
index_15792,1.0
index_15793,3.0
index_15794,5.0
index_15795,3.0
index_15796,5.0
index_15797,4.0
index_15798,1.0
index_15799,1.0
index_15800,1.0
index_15801,1.0
index_15802,3.0
index_15803,1.0
index_15804,3.0
index_15805,5.0
index_15806,1.0
index_15807,2.0
index_15808,3.0
index_15809,2.0
index_15810,5.0
index_15811,2.0
index_15812,4.0
index_15813,3.0
index_15814,4.0
index_15815,4.0
index_15816,4.0
index_15817,4.0
index_15818,5.0
index_15819,3.0
index_15820,4.0
index_15821,5.0
index_15822,1.0
index_15823,1.0
index_15824,2.0
index_15825,4.0
index_15826,5.0
index_15827,2.0
index_15828,5.0
index_15829,3.0
index_15830,4.0
index_15831,2.0
index_15832,2.0
index_15833,4.0
index_15834,1.0
index_15835,4.0
index_15836,2.0
index_15837,4.0
index_15838,2.0
index_15839,4.0
index_15840,2.0
index_15841,4.0
index_15842,5.0
index_15843,3.0
index_15844,4.0
index_15845,4.0
index_15846,3.0
index_15847,2.0
index_15848,1.0
index_15849,3.0
index_15850,4.0
index_15851,1.0
index_15852,1.0
index_15853,3.0
index_15854,1.0
index_15855,2.0
index_15856,3.0
index_15857,5.0
index_15858,2.0
index_15859,3.0
index_15860,2.0
index_15861,1.0
index_15862,3.0
index_15863,1.0
index_15864,5.0
index_15865,5.0
index_15866,5.0
index_15867,2.0
index_15868,1.0
index_15869,5.0
index_15870,3.0
index_15871,2.0
index_15872,3.0
index_15873,4.0
index_15874,1.0
index_15875,5.0
index_15876,5.0
index_15877,2.0
index_15878,5.0
index_15879,3.0
index_15880,4.0
index_15881,3.0
index_15882,2.0
index_15883,2.0
index_15884,2.0
index_15885,2.0
index_15886,2.0
index_15887,2.0
index_15888,5.0
index_15889,1.0
index_15890,1.0
index_15891,4.0
index_15892,2.0
index_15893,5.0
index_15894,4.0
index_15895,1.0
index_15896,3.0
index_15897,3.0
index_15898,1.0
index_15899,3.0
index_15900,4.0
index_15901,5.0
index_15902,5.0
index_15903,5.0
index_15904,4.0
index_15905,1.0
index_15906,3.0
index_15907,3.0
index_15908,2.0
index_15909,3.0
index_15910,1.0
index_15911,5.0
index_15912,2.0
index_15913,1.0
index_15914,3.0
index_15915,1.0
index_15916,2.0
index_15917,3.0
index_15918,3.0
index_15919,3.0
index_15920,3.0
index_15921,1.0
index_15922,1.0
index_15923,4.0
index_15924,1.0
index_15925,4.0
index_15926,1.0
index_15927,5.0
index_15928,2.0
index_15929,4.0
index_15930,2.0
index_15931,2.0
index_15932,3.0
index_15933,4.0
index_15934,5.0
index_15935,5.0
index_15936,4.0
index_15937,4.0
index_15938,3.0
index_15939,3.0
index_15940,3.0
index_15941,2.0
index_15942,3.0
index_15943,2.0
index_15944,5.0
index_15945,3.0
index_15946,2.0
index_15947,5.0
index_15948,5.0
index_15949,4.0
index_15950,1.0
index_15951,1.0
index_15952,2.0
index_15953,3.0
index_15954,3.0
index_15955,5.0
index_15956,3.0
index_15957,2.0
index_15958,3.0
index_15959,2.0
index_15960,1.0
index_15961,5.0
index_15962,4.0
index_15963,4.0
index_15964,5.0
index_15965,2.0
index_15966,3.0
index_15967,4.0
index_15968,5.0
index_15969,4.0
index_15970,2.0
index_15971,5.0
index_15972,4.0
index_15973,1.0
index_15974,4.0
index_15975,3.0
index_15976,4.0
index_15977,2.0
index_15978,2.0
index_15979,4.0
index_15980,4.0
index_15981,5.0
index_15982,4.0
index_15983,4.0
index_15984,4.0
index_15985,3.0
index_15986,1.0
index_15987,3.0
index_15988,3.0
index_15989,4.0
index_15990,2.0
index_15991,5.0
index_15992,3.0
index_15993,5.0
index_15994,5.0
index_15995,2.0
index_15996,5.0
index_15997,5.0
index_15998,2.0
index_15999,4.0
index_16000,4.0
index_16001,5.0
index_16002,1.0
index_16003,2.0
index_16004,4.0
index_16005,5.0
index_16006,4.0
index_16007,5.0
index_16008,1.0
index_16009,2.0
index_16010,3.0
index_16011,3.0
index_16012,2.0
index_16013,2.0
index_16014,3.0
index_16015,5.0
index_16016,4.0
index_16017,4.0
index_16018,2.0
index_16019,1.0
index_16020,5.0
index_16021,5.0
index_16022,5.0
index_16023,4.0
index_16024,4.0
index_16025,5.0
index_16026,1.0
index_16027,2.0
index_16028,2.0
index_16029,1.0
index_16030,4.0
index_16031,2.0
index_16032,4.0
index_16033,2.0
index_16034,3.0
index_16035,1.0
index_16036,1.0
index_16037,3.0
index_16038,1.0
index_16039,3.0
index_16040,1.0
index_16041,2.0
index_16042,2.0
index_16043,3.0
index_16044,2.0
index_16045,3.0
index_16046,4.0
index_16047,3.0
index_16048,1.0
index_16049,4.0
index_16050,3.0
index_16051,2.0
index_16052,5.0
index_16053,1.0
index_16054,5.0
index_16055,4.0
index_16056,1.0
index_16057,3.0
index_16058,4.0
index_16059,2.0
index_16060,5.0
index_16061,5.0
index_16062,1.0
index_16063,3.0
index_16064,1.0
index_16065,4.0
index_16066,4.0
index_16067,3.0
index_16068,5.0
index_16069,2.0
index_16070,4.0
index_16071,2.0
index_16072,3.0
index_16073,1.0
index_16074,4.0
index_16075,2.0
index_16076,3.0
index_16077,1.0
index_16078,3.0
index_16079,4.0
index_16080,4.0
index_16081,2.0
index_16082,2.0
index_16083,5.0
index_16084,1.0
index_16085,5.0
index_16086,1.0
index_16087,2.0
index_16088,3.0
index_16089,1.0
index_16090,3.0
index_16091,1.0
index_16092,1.0
index_16093,3.0
index_16094,1.0
index_16095,3.0
index_16096,4.0
index_16097,3.0
index_16098,3.0
index_16099,2.0
index_16100,3.0
index_16101,5.0
index_16102,5.0
index_16103,4.0
index_16104,5.0
index_16105,5.0
index_16106,2.0
index_16107,1.0
index_16108,4.0
index_16109,3.0
index_16110,1.0
index_16111,3.0
index_16112,2.0
index_16113,3.0
index_16114,2.0
index_16115,3.0
index_16116,2.0
index_16117,3.0
index_16118,3.0
index_16119,5.0
index_16120,1.0
index_16121,4.0
index_16122,4.0
index_16123,3.0
index_16124,2.0
index_16125,3.0
index_16126,4.0
index_16127,2.0
index_16128,4.0
index_16129,2.0
index_16130,4.0
index_16131,1.0
index_16132,2.0
index_16133,1.0
index_16134,2.0
index_16135,3.0
index_16136,5.0
index_16137,3.0
index_16138,5.0
index_16139,5.0
index_16140,1.0
index_16141,2.0
index_16142,1.0
index_16143,3.0
index_16144,5.0
index_16145,5.0
index_16146,5.0
index_16147,4.0
index_16148,1.0
index_16149,5.0
index_16150,5.0
index_16151,3.0
index_16152,4.0
index_16153,4.0
index_16154,5.0
index_16155,2.0
index_16156,5.0
index_16157,4.0
index_16158,5.0
index_16159,3.0
index_16160,5.0
index_16161,4.0
index_16162,2.0
index_16163,5.0
index_16164,3.0
index_16165,5.0
index_16166,4.0
index_16167,2.0
index_16168,3.0
index_16169,3.0
index_16170,1.0
index_16171,3.0
index_16172,4.0
index_16173,5.0
index_16174,2.0
index_16175,1.0
index_16176,3.0
index_16177,3.0
index_16178,3.0
index_16179,5.0
index_16180,4.0
index_16181,3.0
index_16182,1.0
index_16183,5.0
index_16184,5.0
index_16185,3.0
index_16186,5.0
index_16187,3.0
index_16188,2.0
index_16189,4.0
index_16190,4.0
index_16191,1.0
index_16192,3.0
index_16193,4.0
index_16194,1.0
index_16195,5.0
index_16196,3.0
index_16197,4.0
index_16198,5.0
index_16199,5.0
index_16200,3.0
index_16201,4.0
index_16202,3.0
index_16203,3.0
index_16204,1.0
index_16205,4.0
index_16206,1.0
index_16207,3.0
index_16208,1.0
index_16209,1.0
index_16210,2.0
index_16211,1.0
index_16212,5.0
index_16213,1.0
index_16214,3.0
index_16215,5.0
index_16216,2.0
index_16217,4.0
index_16218,4.0
index_16219,3.0
index_16220,4.0
index_16221,5.0
index_16222,4.0
index_16223,3.0
index_16224,3.0
index_16225,4.0
index_16226,1.0
index_16227,1.0
index_16228,3.0
index_16229,3.0
index_16230,2.0
index_16231,5.0
index_16232,1.0
index_16233,5.0
index_16234,4.0
index_16235,1.0
index_16236,4.0
index_16237,2.0
index_16238,5.0
index_16239,2.0
index_16240,3.0
index_16241,5.0
index_16242,3.0
index_16243,2.0
index_16244,5.0
index_16245,1.0
index_16246,3.0
index_16247,1.0
index_16248,3.0
index_16249,5.0
index_16250,5.0
index_16251,4.0
index_16252,4.0
index_16253,2.0
index_16254,2.0
index_16255,5.0
index_16256,4.0
index_16257,1.0
index_16258,1.0
index_16259,1.0
index_16260,3.0
index_16261,1.0
index_16262,5.0
index_16263,1.0
index_16264,4.0
index_16265,2.0
index_16266,3.0
index_16267,1.0
index_16268,4.0
index_16269,5.0
index_16270,3.0
index_16271,4.0
index_16272,4.0
index_16273,5.0
index_16274,5.0
index_16275,5.0
index_16276,5.0
index_16277,4.0
index_16278,5.0
index_16279,3.0
index_16280,3.0
index_16281,5.0
index_16282,3.0
index_16283,5.0
index_16284,2.0
index_16285,2.0
index_16286,3.0
index_16287,2.0
index_16288,2.0
index_16289,2.0
index_16290,2.0
index_16291,1.0
index_16292,3.0
index_16293,3.0
index_16294,3.0
index_16295,5.0
index_16296,2.0
index_16297,3.0
index_16298,1.0
index_16299,4.0
index_16300,4.0
index_16301,3.0
index_16302,3.0
index_16303,2.0
index_16304,4.0
index_16305,3.0
index_16306,4.0
index_16307,1.0
index_16308,2.0
index_16309,4.0
index_16310,5.0
index_16311,3.0
index_16312,2.0
index_16313,1.0
index_16314,1.0
index_16315,4.0
index_16316,5.0
index_16317,2.0
index_16318,1.0
index_16319,4.0
index_16320,3.0
index_16321,3.0
index_16322,5.0
index_16323,2.0
index_16324,1.0
index_16325,3.0
index_16326,3.0
index_16327,1.0
index_16328,2.0
index_16329,5.0
index_16330,4.0
index_16331,3.0
index_16332,2.0
index_16333,4.0
index_16334,2.0
index_16335,2.0
index_16336,2.0
index_16337,2.0
index_16338,4.0
index_16339,2.0
index_16340,1.0
index_16341,3.0
index_16342,3.0
index_16343,4.0
index_16344,2.0
index_16345,5.0
index_16346,2.0
index_16347,3.0
index_16348,2.0
index_16349,4.0
index_16350,5.0
index_16351,5.0
index_16352,5.0
index_16353,4.0
index_16354,3.0
index_16355,4.0
index_16356,5.0
index_16357,5.0
index_16358,2.0
index_16359,1.0
index_16360,2.0
index_16361,1.0
index_16362,1.0
index_16363,2.0
index_16364,1.0
index_16365,3.0
index_16366,2.0
index_16367,4.0
index_16368,3.0
index_16369,1.0
index_16370,2.0
index_16371,2.0
index_16372,1.0
index_16373,5.0
index_16374,3.0
index_16375,5.0
index_16376,3.0
index_16377,3.0
index_16378,4.0
index_16379,5.0
index_16380,4.0
index_16381,5.0
index_16382,5.0
index_16383,2.0
index_16384,4.0
index_16385,2.0
index_16386,5.0
index_16387,5.0
index_16388,1.0
index_16389,5.0
index_16390,5.0
index_16391,5.0
index_16392,2.0
index_16393,2.0
index_16394,3.0
index_16395,2.0
index_16396,5.0
index_16397,3.0
index_16398,4.0
index_16399,2.0
index_16400,1.0
index_16401,2.0
index_16402,4.0
index_16403,4.0
index_16404,4.0
index_16405,5.0
index_16406,1.0
index_16407,3.0
index_16408,1.0
index_16409,5.0
index_16410,1.0
index_16411,5.0
index_16412,1.0
index_16413,2.0
index_16414,3.0
index_16415,3.0
index_16416,4.0
index_16417,5.0
index_16418,5.0
index_16419,2.0
index_16420,2.0
index_16421,3.0
index_16422,3.0
index_16423,1.0
index_16424,5.0
index_16425,4.0
index_16426,4.0
index_16427,5.0
index_16428,3.0
index_16429,3.0
index_16430,1.0
index_16431,4.0
index_16432,5.0
index_16433,1.0
index_16434,5.0
index_16435,1.0
index_16436,5.0
index_16437,4.0
index_16438,1.0
index_16439,5.0
index_16440,4.0
index_16441,5.0
index_16442,3.0
index_16443,2.0
index_16444,2.0
index_16445,2.0
index_16446,3.0
index_16447,1.0
index_16448,4.0
index_16449,1.0
index_16450,4.0
index_16451,3.0
index_16452,3.0
index_16453,1.0
index_16454,4.0
index_16455,2.0
index_16456,5.0
index_16457,2.0
index_16458,1.0
index_16459,2.0
index_16460,5.0
index_16461,3.0
index_16462,2.0
index_16463,3.0
index_16464,3.0
index_16465,2.0
index_16466,1.0
index_16467,2.0
index_16468,2.0
index_16469,2.0
index_16470,4.0
index_16471,1.0
index_16472,2.0
index_16473,1.0
index_16474,3.0
index_16475,3.0
index_16476,2.0
index_16477,4.0
index_16478,4.0
index_16479,5.0
index_16480,2.0
index_16481,3.0
index_16482,4.0
index_16483,5.0
index_16484,3.0
index_16485,2.0
index_16486,1.0
index_16487,2.0
index_16488,1.0
index_16489,4.0
index_16490,5.0
index_16491,4.0
index_16492,5.0
index_16493,3.0
index_16494,5.0
index_16495,3.0
index_16496,2.0
index_16497,5.0
index_16498,4.0
index_16499,5.0
index_16500,1.0
index_16501,5.0
index_16502,4.0
index_16503,2.0
index_16504,3.0
index_16505,5.0
index_16506,3.0
index_16507,5.0
index_16508,1.0
index_16509,5.0
index_16510,3.0
index_16511,1.0
index_16512,1.0
index_16513,5.0
index_16514,3.0
index_16515,1.0
index_16516,3.0
index_16517,5.0
index_16518,3.0
index_16519,5.0
index_16520,3.0
index_16521,2.0
index_16522,3.0
index_16523,3.0
index_16524,1.0
index_16525,4.0
index_16526,1.0
index_16527,2.0
index_16528,5.0
index_16529,4.0
index_16530,4.0
index_16531,5.0
index_16532,5.0
index_16533,5.0
index_16534,3.0
index_16535,5.0
index_16536,2.0
index_16537,4.0
index_16538,1.0
index_16539,5.0
index_16540,5.0
index_16541,1.0
index_16542,5.0
index_16543,5.0
index_16544,4.0
index_16545,3.0
index_16546,4.0
index_16547,5.0
index_16548,1.0
index_16549,2.0
index_16550,1.0
index_16551,4.0
index_16552,2.0
index_16553,3.0
index_16554,5.0
index_16555,2.0
index_16556,4.0
index_16557,2.0
index_16558,1.0
index_16559,5.0
index_16560,3.0
index_16561,3.0
index_16562,2.0
index_16563,5.0
index_16564,3.0
index_16565,2.0
index_16566,5.0
index_16567,3.0
index_16568,2.0
index_16569,1.0
index_16570,2.0
index_16571,4.0
index_16572,5.0
index_16573,3.0
index_16574,5.0
index_16575,2.0
index_16576,2.0
index_16577,1.0
index_16578,4.0
index_16579,5.0
index_16580,4.0
index_16581,5.0
index_16582,5.0
index_16583,4.0
index_16584,1.0
index_16585,5.0
index_16586,1.0
index_16587,2.0
index_16588,2.0
index_16589,1.0
index_16590,4.0
index_16591,5.0
index_16592,4.0
index_16593,5.0
index_16594,1.0
index_16595,5.0
index_16596,4.0
index_16597,5.0
index_16598,1.0
index_16599,2.0
index_16600,4.0
index_16601,3.0
index_16602,3.0
index_16603,3.0
index_16604,2.0
index_16605,5.0
index_16606,4.0
index_16607,2.0
index_16608,3.0
index_16609,1.0
index_16610,4.0
index_16611,3.0
index_16612,3.0
index_16613,2.0
index_16614,5.0
index_16615,3.0
index_16616,1.0
index_16617,2.0
index_16618,4.0
index_16619,5.0
index_16620,2.0
index_16621,5.0
index_16622,2.0
index_16623,3.0
index_16624,4.0
index_16625,4.0
index_16626,3.0
index_16627,3.0
index_16628,2.0
index_16629,4.0
index_16630,1.0
index_16631,3.0
index_16632,2.0
index_16633,4.0
index_16634,2.0
index_16635,3.0
index_16636,5.0
index_16637,4.0
index_16638,5.0
index_16639,3.0
index_16640,4.0
index_16641,1.0
index_16642,1.0
index_16643,5.0
index_16644,2.0
index_16645,2.0
index_16646,2.0
index_16647,2.0
index_16648,5.0
index_16649,3.0
index_16650,4.0
index_16651,3.0
index_16652,4.0
index_16653,5.0
index_16654,1.0
index_16655,5.0
index_16656,5.0
index_16657,3.0
index_16658,3.0
index_16659,4.0
index_16660,3.0
index_16661,1.0
index_16662,5.0
index_16663,2.0
index_16664,3.0
index_16665,5.0
index_16666,2.0
index_16667,2.0
index_16668,2.0
index_16669,2.0
index_16670,5.0
index_16671,2.0
index_16672,4.0
index_16673,4.0
index_16674,5.0
index_16675,1.0
index_16676,5.0
index_16677,3.0
index_16678,1.0
index_16679,2.0
index_16680,3.0
index_16681,1.0
index_16682,4.0
index_16683,2.0
index_16684,4.0
index_16685,4.0
index_16686,3.0
index_16687,5.0
index_16688,5.0
index_16689,5.0
index_16690,3.0
index_16691,5.0
index_16692,1.0
index_16693,5.0
index_16694,4.0
index_16695,5.0
index_16696,3.0
index_16697,5.0
index_16698,2.0
index_16699,2.0
index_16700,1.0
index_16701,1.0
index_16702,3.0
index_16703,2.0
index_16704,4.0
index_16705,2.0
index_16706,5.0
index_16707,3.0
index_16708,3.0
index_16709,4.0
index_16710,4.0
index_16711,4.0
index_16712,3.0
index_16713,1.0
index_16714,2.0
index_16715,2.0
index_16716,2.0
index_16717,3.0
index_16718,1.0
index_16719,5.0
index_16720,3.0
index_16721,1.0
index_16722,4.0
index_16723,3.0
index_16724,1.0
index_16725,2.0
index_16726,3.0
index_16727,1.0
index_16728,5.0
index_16729,1.0
index_16730,3.0
index_16731,4.0
index_16732,1.0
index_16733,1.0
index_16734,1.0
index_16735,1.0
index_16736,2.0
index_16737,4.0
index_16738,2.0
index_16739,3.0
index_16740,3.0
index_16741,5.0
index_16742,3.0
index_16743,4.0
index_16744,2.0
index_16745,5.0
index_16746,3.0
index_16747,1.0
index_16748,3.0
index_16749,2.0
index_16750,2.0
index_16751,3.0
index_16752,3.0
index_16753,3.0
index_16754,5.0
index_16755,3.0
index_16756,2.0
index_16757,1.0
index_16758,3.0
index_16759,1.0
index_16760,2.0
index_16761,3.0
index_16762,2.0
index_16763,3.0
index_16764,1.0
index_16765,3.0
index_16766,4.0
index_16767,2.0
index_16768,5.0
index_16769,1.0
index_16770,4.0
index_16771,5.0
index_16772,3.0
index_16773,1.0
index_16774,2.0
index_16775,2.0
index_16776,3.0
index_16777,3.0
index_16778,2.0
index_16779,3.0
index_16780,5.0
index_16781,1.0
index_16782,5.0
index_16783,5.0
index_16784,1.0
index_16785,5.0
index_16786,4.0
index_16787,3.0
index_16788,2.0
index_16789,5.0
index_16790,3.0
index_16791,5.0
index_16792,2.0
index_16793,1.0
index_16794,2.0
index_16795,5.0
index_16796,3.0
index_16797,2.0
index_16798,1.0
index_16799,1.0
index_16800,3.0
index_16801,4.0
index_16802,5.0
index_16803,3.0
index_16804,1.0
index_16805,4.0
index_16806,1.0
index_16807,4.0
index_16808,4.0
index_16809,4.0
index_16810,5.0
index_16811,2.0
index_16812,1.0
index_16813,2.0
index_16814,1.0
index_16815,4.0
index_16816,2.0
index_16817,2.0
index_16818,2.0
index_16819,1.0
index_16820,1.0
index_16821,3.0
index_16822,4.0
index_16823,5.0
index_16824,1.0
index_16825,5.0
index_16826,1.0
index_16827,3.0
index_16828,2.0
index_16829,5.0
index_16830,1.0
index_16831,5.0
index_16832,5.0
index_16833,2.0
index_16834,5.0
index_16835,1.0
index_16836,1.0
index_16837,3.0
index_16838,1.0
index_16839,3.0
index_16840,5.0
index_16841,3.0
index_16842,5.0
index_16843,2.0
index_16844,1.0
index_16845,2.0
index_16846,5.0
index_16847,5.0
index_16848,3.0
index_16849,4.0
index_16850,4.0
index_16851,1.0
index_16852,5.0
index_16853,3.0
index_16854,4.0
index_16855,5.0
index_16856,3.0
index_16857,4.0
index_16858,3.0
index_16859,5.0
index_16860,1.0
index_16861,1.0
index_16862,4.0
index_16863,3.0
index_16864,1.0
index_16865,5.0
index_16866,3.0
index_16867,2.0
index_16868,2.0
index_16869,1.0
index_16870,1.0
index_16871,4.0
index_16872,3.0
index_16873,2.0
index_16874,1.0
index_16875,4.0
index_16876,2.0
index_16877,3.0
index_16878,1.0
index_16879,4.0
index_16880,3.0
index_16881,1.0
index_16882,4.0
index_16883,3.0
index_16884,2.0
index_16885,1.0
index_16886,5.0
index_16887,1.0
index_16888,1.0
index_16889,4.0
index_16890,4.0
index_16891,1.0
index_16892,4.0
index_16893,1.0
index_16894,1.0
index_16895,5.0
index_16896,2.0
index_16897,3.0
index_16898,3.0
index_16899,3.0
index_16900,2.0
index_16901,2.0
index_16902,5.0
index_16903,4.0
index_16904,4.0
index_16905,5.0
index_16906,3.0
index_16907,2.0
index_16908,4.0
index_16909,3.0
index_16910,4.0
index_16911,2.0
index_16912,1.0
index_16913,5.0
index_16914,2.0
index_16915,3.0
index_16916,2.0
index_16917,1.0
index_16918,3.0
index_16919,3.0
index_16920,4.0
index_16921,5.0
index_16922,1.0
index_16923,1.0
index_16924,1.0
index_16925,3.0
index_16926,4.0
index_16927,5.0
index_16928,1.0
index_16929,4.0
index_16930,4.0
index_16931,3.0
index_16932,1.0
index_16933,5.0
index_16934,1.0
index_16935,3.0
index_16936,2.0
index_16937,5.0
index_16938,4.0
index_16939,3.0
index_16940,3.0
index_16941,4.0
index_16942,5.0
index_16943,2.0
index_16944,1.0
index_16945,2.0
index_16946,5.0
index_16947,2.0
index_16948,4.0
index_16949,1.0
index_16950,5.0
index_16951,4.0
index_16952,4.0
index_16953,1.0
index_16954,5.0
index_16955,4.0
index_16956,1.0
index_16957,4.0
index_16958,1.0
index_16959,1.0
index_16960,4.0
index_16961,2.0
index_16962,4.0
index_16963,1.0
index_16964,5.0
index_16965,4.0
index_16966,3.0
index_16967,5.0
index_16968,1.0
index_16969,2.0
index_16970,5.0
index_16971,1.0
index_16972,5.0
index_16973,1.0
index_16974,2.0
index_16975,1.0
index_16976,1.0
index_16977,5.0
index_16978,5.0
index_16979,4.0
index_16980,1.0
index_16981,5.0
index_16982,2.0
index_16983,1.0
index_16984,5.0
index_16985,3.0
index_16986,2.0
index_16987,5.0
index_16988,5.0
index_16989,5.0
index_16990,4.0
index_16991,2.0
index_16992,5.0
index_16993,3.0
index_16994,3.0
index_16995,1.0
index_16996,3.0
index_16997,2.0
index_16998,5.0
index_16999,1.0
index_17000,4.0
index_17001,4.0
index_17002,2.0
index_17003,3.0
index_17004,3.0
index_17005,3.0
index_17006,2.0
index_17007,5.0
index_17008,4.0
index_17009,1.0
index_17010,2.0
index_17011,3.0
index_17012,5.0
index_17013,2.0
index_17014,2.0
index_17015,2.0
index_17016,3.0
index_17017,2.0
index_17018,1.0
index_17019,2.0
index_17020,5.0
index_17021,3.0
index_17022,4.0
index_17023,4.0
index_17024,5.0
index_17025,4.0
index_17026,3.0
index_17027,4.0
index_17028,1.0
index_17029,4.0
index_17030,2.0
index_17031,4.0
index_17032,3.0
index_17033,3.0
index_17034,4.0
index_17035,5.0
index_17036,1.0
index_17037,1.0
index_17038,3.0
index_17039,5.0
index_17040,2.0
index_17041,1.0
index_17042,4.0
index_17043,4.0
index_17044,5.0
index_17045,1.0
index_17046,2.0
index_17047,2.0
index_17048,3.0
index_17049,5.0
index_17050,5.0
index_17051,1.0
index_17052,5.0
index_17053,1.0
index_17054,3.0
index_17055,2.0
index_17056,3.0
index_17057,5.0
index_17058,4.0
index_17059,3.0
index_17060,3.0
index_17061,1.0
index_17062,1.0
index_17063,5.0
index_17064,2.0
index_17065,5.0
index_17066,1.0
index_17067,3.0
index_17068,3.0
index_17069,5.0
index_17070,1.0
index_17071,5.0
index_17072,5.0
index_17073,2.0
index_17074,1.0
index_17075,1.0
index_17076,4.0
index_17077,2.0
index_17078,3.0
index_17079,5.0
index_17080,5.0
index_17081,2.0
index_17082,3.0
index_17083,4.0
index_17084,2.0
index_17085,1.0
index_17086,5.0
index_17087,4.0
index_17088,4.0
index_17089,5.0
index_17090,2.0
index_17091,2.0
index_17092,1.0
index_17093,4.0
index_17094,3.0
index_17095,5.0
index_17096,5.0
index_17097,3.0
index_17098,1.0
index_17099,4.0
index_17100,4.0
index_17101,5.0
index_17102,1.0
index_17103,4.0
index_17104,2.0
index_17105,4.0
index_17106,1.0
index_17107,5.0
index_17108,2.0
index_17109,1.0
index_17110,1.0
index_17111,5.0
index_17112,1.0
index_17113,3.0
index_17114,4.0
index_17115,3.0
index_17116,1.0
index_17117,1.0
index_17118,4.0
index_17119,4.0
index_17120,2.0
index_17121,1.0
index_17122,2.0
index_17123,3.0
index_17124,2.0
index_17125,1.0
index_17126,5.0
index_17127,5.0
index_17128,5.0
index_17129,5.0
index_17130,4.0
index_17131,5.0
index_17132,3.0
index_17133,4.0
index_17134,1.0
index_17135,2.0
index_17136,3.0
index_17137,2.0
index_17138,3.0
index_17139,2.0
index_17140,4.0
index_17141,1.0
index_17142,2.0
index_17143,3.0
index_17144,2.0
index_17145,4.0
index_17146,1.0
index_17147,2.0
index_17148,1.0
index_17149,3.0
index_17150,2.0
index_17151,5.0
index_17152,1.0
index_17153,1.0
index_17154,1.0
index_17155,3.0
index_17156,3.0
index_17157,4.0
index_17158,3.0
index_17159,4.0
index_17160,3.0
index_17161,3.0
index_17162,5.0
index_17163,4.0
index_17164,3.0
index_17165,1.0
index_17166,3.0
index_17167,5.0
index_17168,1.0
index_17169,1.0
index_17170,3.0
index_17171,2.0
index_17172,1.0
index_17173,1.0
index_17174,5.0
index_17175,5.0
index_17176,1.0
index_17177,5.0
index_17178,5.0
index_17179,5.0
index_17180,5.0
index_17181,5.0
index_17182,5.0
index_17183,5.0
index_17184,5.0
index_17185,5.0
index_17186,5.0
index_17187,1.0
index_17188,4.0
index_17189,1.0
index_17190,2.0
index_17191,2.0
index_17192,3.0
index_17193,3.0
index_17194,4.0
index_17195,3.0
index_17196,4.0
index_17197,5.0
index_17198,5.0
index_17199,1.0
index_17200,2.0
index_17201,4.0
index_17202,3.0
index_17203,1.0
index_17204,5.0
index_17205,5.0
index_17206,2.0
index_17207,3.0
index_17208,1.0
index_17209,1.0
index_17210,5.0
index_17211,3.0
index_17212,2.0
index_17213,2.0
index_17214,4.0
index_17215,2.0
index_17216,5.0
index_17217,1.0
index_17218,1.0
index_17219,4.0
index_17220,1.0
index_17221,1.0
index_17222,4.0
index_17223,5.0
index_17224,1.0
index_17225,5.0
index_17226,1.0
index_17227,4.0
index_17228,3.0
index_17229,1.0
index_17230,5.0
index_17231,3.0
index_17232,3.0
index_17233,4.0
index_17234,1.0
index_17235,4.0
index_17236,2.0
index_17237,3.0
index_17238,2.0
index_17239,2.0
index_17240,5.0
index_17241,3.0
index_17242,4.0
index_17243,1.0
index_17244,1.0
index_17245,5.0
index_17246,3.0
index_17247,5.0
index_17248,1.0
index_17249,4.0
index_17250,1.0
index_17251,2.0
index_17252,3.0
index_17253,5.0
index_17254,4.0
index_17255,5.0
index_17256,2.0
index_17257,4.0
index_17258,1.0
index_17259,2.0
index_17260,3.0
index_17261,4.0
index_17262,4.0
index_17263,1.0
index_17264,5.0
index_17265,1.0
index_17266,2.0
index_17267,5.0
index_17268,5.0
index_17269,1.0
index_17270,4.0
index_17271,5.0
index_17272,1.0
index_17273,3.0
index_17274,1.0
index_17275,2.0
index_17276,3.0
index_17277,1.0
index_17278,4.0
index_17279,2.0
index_17280,2.0
index_17281,5.0
index_17282,4.0
index_17283,2.0
index_17284,3.0
index_17285,3.0
index_17286,1.0
index_17287,2.0
index_17288,5.0
index_17289,3.0
index_17290,1.0
index_17291,5.0
index_17292,3.0
index_17293,3.0
index_17294,3.0
index_17295,2.0
index_17296,5.0
index_17297,1.0
index_17298,5.0
index_17299,2.0
index_17300,2.0
index_17301,2.0
index_17302,3.0
index_17303,1.0
index_17304,5.0
index_17305,5.0
index_17306,3.0
index_17307,3.0
index_17308,5.0
index_17309,1.0
index_17310,5.0
index_17311,2.0
index_17312,3.0
index_17313,4.0
index_17314,3.0
index_17315,3.0
index_17316,2.0
index_17317,5.0
index_17318,5.0
index_17319,3.0
index_17320,3.0
index_17321,2.0
index_17322,5.0
index_17323,5.0
index_17324,3.0
index_17325,3.0
index_17326,1.0
index_17327,3.0
index_17328,2.0
index_17329,5.0
index_17330,3.0
index_17331,3.0
index_17332,5.0
index_17333,3.0
index_17334,3.0
index_17335,5.0
index_17336,4.0
index_17337,2.0
index_17338,2.0
index_17339,2.0
index_17340,5.0
index_17341,3.0
index_17342,3.0
index_17343,4.0
index_17344,5.0
index_17345,3.0
index_17346,2.0
index_17347,4.0
index_17348,2.0
index_17349,5.0
index_17350,5.0
index_17351,5.0
index_17352,3.0
index_17353,5.0
index_17354,4.0
index_17355,1.0
index_17356,1.0
index_17357,2.0
index_17358,3.0
index_17359,5.0
index_17360,4.0
index_17361,2.0
index_17362,4.0
index_17363,1.0
index_17364,3.0
index_17365,1.0
index_17366,5.0
index_17367,3.0
index_17368,3.0
index_17369,3.0
index_17370,3.0
index_17371,3.0
index_17372,2.0
index_17373,2.0
index_17374,5.0
index_17375,3.0
index_17376,2.0
index_17377,3.0
index_17378,3.0
index_17379,5.0
index_17380,5.0
index_17381,2.0
index_17382,5.0
index_17383,5.0
index_17384,1.0
index_17385,1.0
index_17386,5.0
index_17387,1.0
index_17388,3.0
index_17389,2.0
index_17390,1.0
index_17391,1.0
index_17392,4.0
index_17393,4.0
index_17394,2.0
index_17395,2.0
index_17396,4.0
index_17397,5.0
index_17398,3.0
index_17399,3.0
index_17400,5.0
index_17401,2.0
index_17402,1.0
index_17403,3.0
index_17404,4.0
index_17405,5.0
index_17406,4.0
index_17407,2.0
index_17408,4.0
index_17409,3.0
index_17410,4.0
index_17411,3.0
index_17412,3.0
index_17413,1.0
index_17414,5.0
index_17415,1.0
index_17416,2.0
index_17417,1.0
index_17418,1.0
index_17419,5.0
index_17420,3.0
index_17421,2.0
index_17422,3.0
index_17423,3.0
index_17424,1.0
index_17425,3.0
index_17426,1.0
index_17427,3.0
index_17428,2.0
index_17429,3.0
index_17430,1.0
index_17431,1.0
index_17432,2.0
index_17433,2.0
index_17434,1.0
index_17435,4.0
index_17436,1.0
index_17437,3.0
index_17438,3.0
index_17439,2.0
index_17440,1.0
index_17441,1.0
index_17442,2.0
index_17443,4.0
index_17444,5.0
index_17445,2.0
index_17446,3.0
index_17447,2.0
index_17448,1.0
index_17449,4.0
index_17450,5.0
index_17451,1.0
index_17452,5.0
index_17453,4.0
index_17454,3.0
index_17455,2.0
index_17456,2.0
index_17457,2.0
index_17458,1.0
index_17459,1.0
index_17460,5.0
index_17461,3.0
index_17462,2.0
index_17463,2.0
index_17464,2.0
index_17465,3.0
index_17466,2.0
index_17467,2.0
index_17468,5.0
index_17469,5.0
index_17470,5.0
index_17471,2.0
index_17472,1.0
index_17473,3.0
index_17474,1.0
index_17475,3.0
index_17476,3.0
index_17477,3.0
index_17478,1.0
index_17479,5.0
index_17480,4.0
index_17481,5.0
index_17482,4.0
index_17483,1.0
index_17484,2.0
index_17485,4.0
index_17486,4.0
index_17487,5.0
index_17488,1.0
index_17489,4.0
index_17490,3.0
index_17491,2.0
index_17492,3.0
index_17493,2.0
index_17494,4.0
index_17495,1.0
index_17496,5.0
index_17497,3.0
index_17498,2.0
index_17499,5.0
index_17500,5.0
index_17501,2.0
index_17502,5.0
index_17503,1.0
index_17504,5.0
index_17505,3.0
index_17506,5.0
index_17507,5.0
index_17508,1.0
index_17509,3.0
index_17510,3.0
index_17511,2.0
index_17512,4.0
index_17513,4.0
index_17514,2.0
index_17515,1.0
index_17516,2.0
index_17517,4.0
index_17518,4.0
index_17519,5.0
index_17520,1.0
index_17521,3.0
index_17522,2.0
index_17523,5.0
index_17524,3.0
index_17525,5.0
index_17526,2.0
index_17527,2.0
index_17528,4.0
index_17529,1.0
index_17530,5.0
index_17531,5.0
index_17532,1.0
index_17533,1.0
index_17534,5.0
index_17535,5.0
index_17536,4.0
index_17537,3.0
index_17538,4.0
index_17539,4.0
index_17540,5.0
index_17541,2.0
index_17542,1.0
index_17543,1.0
index_17544,1.0
index_17545,4.0
index_17546,4.0
index_17547,1.0
index_17548,2.0
index_17549,3.0
index_17550,2.0
index_17551,2.0
index_17552,4.0
index_17553,2.0
index_17554,5.0
index_17555,2.0
index_17556,2.0
index_17557,4.0
index_17558,3.0
index_17559,5.0
index_17560,1.0
index_17561,2.0
index_17562,5.0
index_17563,5.0
index_17564,5.0
index_17565,2.0
index_17566,3.0
index_17567,2.0
index_17568,2.0
index_17569,3.0
index_17570,3.0
index_17571,5.0
index_17572,3.0
index_17573,1.0
index_17574,1.0
index_17575,2.0
index_17576,2.0
index_17577,1.0
index_17578,3.0
index_17579,5.0
index_17580,1.0
index_17581,2.0
index_17582,2.0
index_17583,5.0
index_17584,2.0
index_17585,1.0
index_17586,2.0
index_17587,4.0
index_17588,1.0
index_17589,4.0
index_17590,2.0
index_17591,2.0
index_17592,5.0
index_17593,5.0
index_17594,5.0
index_17595,2.0
index_17596,2.0
index_17597,5.0
index_17598,3.0
index_17599,3.0
index_17600,3.0
index_17601,1.0
index_17602,1.0
index_17603,1.0
index_17604,3.0
index_17605,2.0
index_17606,5.0
index_17607,1.0
index_17608,5.0
index_17609,5.0
index_17610,3.0
index_17611,5.0
index_17612,2.0
index_17613,1.0
index_17614,2.0
index_17615,5.0
index_17616,5.0
index_17617,3.0
index_17618,3.0
index_17619,2.0
index_17620,4.0
index_17621,2.0
index_17622,3.0
index_17623,2.0
index_17624,3.0
index_17625,5.0
index_17626,1.0
index_17627,1.0
index_17628,3.0
index_17629,2.0
index_17630,5.0
index_17631,1.0
index_17632,2.0
index_17633,2.0
index_17634,1.0
index_17635,1.0
index_17636,3.0
index_17637,2.0
index_17638,2.0
index_17639,4.0
index_17640,4.0
index_17641,2.0
index_17642,4.0
index_17643,1.0
index_17644,1.0
index_17645,1.0
index_17646,5.0
index_17647,5.0
index_17648,3.0
index_17649,1.0
index_17650,1.0
index_17651,3.0
index_17652,1.0
index_17653,4.0
index_17654,2.0
index_17655,1.0
index_17656,1.0
index_17657,1.0
index_17658,2.0
index_17659,1.0
index_17660,4.0
index_17661,2.0
index_17662,3.0
index_17663,3.0
index_17664,4.0
index_17665,4.0
index_17666,5.0
index_17667,1.0
index_17668,1.0
index_17669,5.0
index_17670,4.0
index_17671,5.0
index_17672,1.0
index_17673,1.0
index_17674,5.0
index_17675,5.0
index_17676,3.0
index_17677,3.0
index_17678,3.0
index_17679,3.0
index_17680,4.0
index_17681,1.0
index_17682,4.0
index_17683,2.0
index_17684,2.0
index_17685,2.0
index_17686,3.0
index_17687,1.0
index_17688,3.0
index_17689,3.0
index_17690,5.0
index_17691,5.0
index_17692,2.0
index_17693,3.0
index_17694,4.0
index_17695,2.0
index_17696,1.0
index_17697,4.0
index_17698,3.0
index_17699,2.0
index_17700,5.0
index_17701,5.0
index_17702,5.0
index_17703,5.0
index_17704,4.0
index_17705,3.0
index_17706,4.0
index_17707,4.0
index_17708,4.0
index_17709,1.0
index_17710,2.0
index_17711,4.0
index_17712,5.0
index_17713,2.0
index_17714,1.0
index_17715,3.0
index_17716,5.0
index_17717,2.0
index_17718,4.0
index_17719,3.0
index_17720,4.0
index_17721,2.0
index_17722,2.0
index_17723,3.0
index_17724,3.0
index_17725,3.0
index_17726,5.0
index_17727,3.0
index_17728,3.0
index_17729,4.0
index_17730,4.0
index_17731,3.0
index_17732,5.0
index_17733,3.0
index_17734,5.0
index_17735,4.0
index_17736,5.0
index_17737,4.0
index_17738,5.0
index_17739,3.0
index_17740,2.0
index_17741,2.0
index_17742,3.0
index_17743,1.0
index_17744,3.0
index_17745,5.0
index_17746,2.0
index_17747,4.0
index_17748,1.0
index_17749,2.0
index_17750,4.0
index_17751,2.0
index_17752,1.0
index_17753,3.0
index_17754,5.0
index_17755,2.0
index_17756,4.0
index_17757,5.0
index_17758,2.0
index_17759,1.0
index_17760,4.0
index_17761,5.0
index_17762,3.0
index_17763,2.0
index_17764,1.0
index_17765,2.0
index_17766,1.0
index_17767,2.0
index_17768,5.0
index_17769,5.0
index_17770,4.0
index_17771,2.0
index_17772,5.0
index_17773,5.0
index_17774,1.0
index_17775,1.0
index_17776,3.0
index_17777,4.0
index_17778,5.0
index_17779,1.0
index_17780,2.0
index_17781,2.0
index_17782,2.0
index_17783,2.0
index_17784,4.0
index_17785,3.0
index_17786,3.0
index_17787,2.0
index_17788,3.0
index_17789,5.0
index_17790,1.0
index_17791,5.0
index_17792,1.0
index_17793,2.0
index_17794,4.0
index_17795,1.0
index_17796,2.0
index_17797,1.0
index_17798,1.0
index_17799,1.0
index_17800,3.0
index_17801,4.0
index_17802,5.0
index_17803,4.0
index_17804,3.0
index_17805,1.0
index_17806,4.0
index_17807,2.0
index_17808,5.0
index_17809,5.0
index_17810,4.0
index_17811,5.0
index_17812,5.0
index_17813,5.0
index_17814,3.0
index_17815,4.0
index_17816,3.0
index_17817,5.0
index_17818,1.0
index_17819,1.0
index_17820,2.0
index_17821,3.0
index_17822,1.0
index_17823,5.0
index_17824,4.0
index_17825,4.0
index_17826,4.0
index_17827,5.0
index_17828,2.0
index_17829,1.0
index_17830,5.0
index_17831,2.0
index_17832,1.0
index_17833,2.0
index_17834,5.0
index_17835,3.0
index_17836,5.0
index_17837,1.0
index_17838,2.0
index_17839,1.0
index_17840,5.0
index_17841,2.0
index_17842,5.0
index_17843,3.0
index_17844,4.0
index_17845,1.0
index_17846,3.0
index_17847,5.0
index_17848,1.0
index_17849,1.0
index_17850,2.0
index_17851,5.0
index_17852,5.0
index_17853,2.0
index_17854,3.0
index_17855,3.0
index_17856,4.0
index_17857,4.0
index_17858,5.0
index_17859,5.0
index_17860,1.0
index_17861,2.0
index_17862,1.0
index_17863,2.0
index_17864,3.0
index_17865,1.0
index_17866,1.0
index_17867,2.0
index_17868,4.0
index_17869,5.0
index_17870,4.0
index_17871,3.0
index_17872,2.0
index_17873,2.0
index_17874,2.0
index_17875,3.0
index_17876,5.0
index_17877,2.0
index_17878,1.0
index_17879,2.0
index_17880,3.0
index_17881,1.0
index_17882,1.0
index_17883,5.0
index_17884,3.0
index_17885,3.0
index_17886,2.0
index_17887,5.0
index_17888,4.0
index_17889,3.0
index_17890,4.0
index_17891,5.0
index_17892,5.0
index_17893,2.0
index_17894,2.0
index_17895,5.0
index_17896,2.0
index_17897,3.0
index_17898,3.0
index_17899,3.0
index_17900,5.0
index_17901,2.0
index_17902,3.0
index_17903,5.0
index_17904,5.0
index_17905,3.0
index_17906,5.0
index_17907,5.0
index_17908,2.0
index_17909,2.0
index_17910,3.0
index_17911,5.0
index_17912,3.0
index_17913,5.0
index_17914,3.0
index_17915,4.0
index_17916,5.0
index_17917,4.0
index_17918,1.0
index_17919,5.0
index_17920,5.0
index_17921,2.0
index_17922,3.0
index_17923,4.0
index_17924,1.0
index_17925,1.0
index_17926,1.0
index_17927,2.0
index_17928,4.0
index_17929,5.0
index_17930,1.0
index_17931,3.0
index_17932,3.0
index_17933,4.0
index_17934,5.0
index_17935,5.0
index_17936,3.0
index_17937,1.0
index_17938,2.0
index_17939,4.0
index_17940,2.0
index_17941,1.0
index_17942,2.0
index_17943,2.0
index_17944,2.0
index_17945,3.0
index_17946,3.0
index_17947,2.0
index_17948,1.0
index_17949,1.0
index_17950,5.0
index_17951,5.0
index_17952,3.0
index_17953,3.0
index_17954,2.0
index_17955,1.0
index_17956,5.0
index_17957,2.0
index_17958,3.0
index_17959,5.0
index_17960,4.0
index_17961,3.0
index_17962,2.0
index_17963,4.0
index_17964,4.0
index_17965,5.0
index_17966,5.0
index_17967,4.0
index_17968,5.0
index_17969,4.0
index_17970,2.0
index_17971,3.0
index_17972,5.0
index_17973,5.0
index_17974,2.0
index_17975,3.0
index_17976,3.0
index_17977,3.0
index_17978,5.0
index_17979,3.0
index_17980,2.0
index_17981,5.0
index_17982,5.0
index_17983,4.0
index_17984,3.0
index_17985,2.0
index_17986,5.0
index_17987,5.0
index_17988,3.0
index_17989,3.0
index_17990,3.0
index_17991,4.0
index_17992,4.0
index_17993,1.0
index_17994,5.0
index_17995,3.0
index_17996,4.0
index_17997,3.0
index_17998,4.0
index_17999,2.0
index_18000,3.0
index_18001,3.0
index_18002,4.0
index_18003,3.0
index_18004,3.0
index_18005,2.0
index_18006,1.0
index_18007,3.0
index_18008,2.0
index_18009,5.0
index_18010,1.0
index_18011,5.0
index_18012,1.0
index_18013,3.0
index_18014,5.0
index_18015,1.0
index_18016,3.0
index_18017,1.0
index_18018,2.0
index_18019,4.0
index_18020,1.0
index_18021,5.0
index_18022,3.0
index_18023,1.0
index_18024,4.0
index_18025,2.0
index_18026,3.0
index_18027,5.0
index_18028,2.0
index_18029,2.0
index_18030,1.0
index_18031,3.0
index_18032,5.0
index_18033,4.0
index_18034,3.0
index_18035,5.0
index_18036,3.0
index_18037,4.0
index_18038,1.0
index_18039,4.0
index_18040,3.0
index_18041,1.0
index_18042,4.0
index_18043,2.0
index_18044,3.0
index_18045,1.0
index_18046,2.0
index_18047,2.0
index_18048,2.0
index_18049,3.0
index_18050,5.0
index_18051,3.0
index_18052,3.0
index_18053,3.0
index_18054,3.0
index_18055,1.0
index_18056,4.0
index_18057,1.0
index_18058,1.0
index_18059,3.0
index_18060,2.0
index_18061,1.0
index_18062,1.0
index_18063,2.0
index_18064,5.0
index_18065,3.0
index_18066,5.0
index_18067,2.0
index_18068,2.0
index_18069,2.0
index_18070,4.0
index_18071,4.0
index_18072,1.0
index_18073,1.0
index_18074,3.0
index_18075,2.0
index_18076,1.0
index_18077,5.0
index_18078,5.0
index_18079,2.0
index_18080,3.0
index_18081,3.0
index_18082,4.0
index_18083,3.0
index_18084,1.0
index_18085,5.0
index_18086,5.0
index_18087,4.0
index_18088,4.0
index_18089,4.0
index_18090,4.0
index_18091,5.0
index_18092,3.0
index_18093,1.0
index_18094,3.0
index_18095,3.0
index_18096,2.0
index_18097,2.0
index_18098,1.0
index_18099,1.0
index_18100,5.0
index_18101,1.0
index_18102,5.0
index_18103,2.0
index_18104,4.0
index_18105,4.0
index_18106,3.0
index_18107,1.0
index_18108,3.0
index_18109,4.0
index_18110,1.0
index_18111,4.0
index_18112,1.0
index_18113,5.0
index_18114,3.0
index_18115,3.0
index_18116,2.0
index_18117,5.0
index_18118,4.0
index_18119,3.0
index_18120,2.0
index_18121,4.0
index_18122,4.0
index_18123,2.0
index_18124,3.0
index_18125,3.0
index_18126,5.0
index_18127,5.0
index_18128,1.0
index_18129,1.0
index_18130,1.0
index_18131,3.0
index_18132,2.0
index_18133,3.0
index_18134,2.0
index_18135,5.0
index_18136,5.0
index_18137,5.0
index_18138,3.0
index_18139,5.0
index_18140,3.0
index_18141,4.0
index_18142,1.0
index_18143,4.0
index_18144,3.0
index_18145,5.0
index_18146,1.0
index_18147,2.0
index_18148,5.0
index_18149,4.0
index_18150,5.0
index_18151,1.0
index_18152,1.0
index_18153,1.0
index_18154,1.0
index_18155,2.0
index_18156,1.0
index_18157,2.0
index_18158,1.0
index_18159,3.0
index_18160,5.0
index_18161,5.0
index_18162,1.0
index_18163,5.0
index_18164,4.0
index_18165,2.0
index_18166,2.0
index_18167,2.0
index_18168,5.0
index_18169,2.0
index_18170,3.0
index_18171,5.0
index_18172,5.0
index_18173,1.0
index_18174,1.0
index_18175,4.0
index_18176,4.0
index_18177,2.0
index_18178,3.0
index_18179,5.0
index_18180,3.0
index_18181,1.0
index_18182,2.0
index_18183,4.0
index_18184,4.0
index_18185,3.0
index_18186,1.0
index_18187,1.0
index_18188,1.0
index_18189,3.0
index_18190,5.0
index_18191,3.0
index_18192,2.0
index_18193,5.0
index_18194,1.0
index_18195,3.0
index_18196,1.0
index_18197,1.0
index_18198,4.0
index_18199,5.0
index_18200,2.0
index_18201,4.0
index_18202,1.0
index_18203,3.0
index_18204,4.0
index_18205,3.0
index_18206,5.0
index_18207,5.0
index_18208,5.0
index_18209,2.0
index_18210,3.0
index_18211,3.0
index_18212,4.0
index_18213,1.0
index_18214,5.0
index_18215,3.0
index_18216,1.0
index_18217,4.0
index_18218,4.0
index_18219,5.0
index_18220,1.0
index_18221,5.0
index_18222,1.0
index_18223,3.0
index_18224,2.0
index_18225,1.0
index_18226,5.0
index_18227,1.0
index_18228,4.0
index_18229,4.0
index_18230,5.0
index_18231,2.0
index_18232,5.0
index_18233,1.0
index_18234,2.0
index_18235,1.0
index_18236,4.0
index_18237,3.0
index_18238,5.0
index_18239,3.0
index_18240,5.0
index_18241,4.0
index_18242,5.0
index_18243,2.0
index_18244,4.0
index_18245,4.0
index_18246,5.0
index_18247,1.0
index_18248,2.0
index_18249,2.0
index_18250,4.0
index_18251,2.0
index_18252,5.0
index_18253,1.0
index_18254,4.0
index_18255,4.0
index_18256,4.0
index_18257,4.0
index_18258,3.0
index_18259,3.0
index_18260,2.0
index_18261,1.0
index_18262,5.0
index_18263,4.0
index_18264,1.0
index_18265,1.0
index_18266,4.0
index_18267,3.0
index_18268,1.0
index_18269,3.0
index_18270,5.0
index_18271,2.0
index_18272,2.0
index_18273,4.0
index_18274,5.0
index_18275,3.0
index_18276,5.0
index_18277,5.0
index_18278,4.0
index_18279,4.0
index_18280,5.0
index_18281,4.0
index_18282,4.0
index_18283,2.0
index_18284,5.0
index_18285,2.0
index_18286,3.0
index_18287,3.0
index_18288,3.0
index_18289,2.0
index_18290,3.0
index_18291,1.0
index_18292,4.0
index_18293,4.0
index_18294,2.0
index_18295,4.0
index_18296,3.0
index_18297,2.0
index_18298,5.0
index_18299,5.0
index_18300,5.0
index_18301,1.0
index_18302,1.0
index_18303,3.0
index_18304,5.0
index_18305,2.0
index_18306,1.0
index_18307,4.0
index_18308,2.0
index_18309,4.0
index_18310,2.0
index_18311,4.0
index_18312,2.0
index_18313,2.0
index_18314,5.0
index_18315,3.0
index_18316,2.0
index_18317,1.0
index_18318,2.0
index_18319,2.0
index_18320,4.0
index_18321,1.0
index_18322,5.0
index_18323,4.0
index_18324,5.0
index_18325,5.0
index_18326,3.0
index_18327,5.0
index_18328,5.0
index_18329,2.0
index_18330,5.0
index_18331,2.0
index_18332,3.0
index_18333,1.0
index_18334,4.0
index_18335,3.0
index_18336,4.0
index_18337,2.0
index_18338,3.0
index_18339,1.0
index_18340,4.0
index_18341,1.0
index_18342,3.0
index_18343,2.0
index_18344,2.0
index_18345,2.0
index_18346,5.0
index_18347,1.0
index_18348,4.0
index_18349,1.0
index_18350,5.0
index_18351,5.0
index_18352,3.0
index_18353,4.0
index_18354,2.0
index_18355,1.0
index_18356,4.0
index_18357,3.0
index_18358,1.0
index_18359,3.0
index_18360,2.0
index_18361,4.0
index_18362,3.0
index_18363,5.0
index_18364,3.0
index_18365,1.0
index_18366,5.0
index_18367,3.0
index_18368,5.0
index_18369,2.0
index_18370,4.0
index_18371,2.0
index_18372,3.0
index_18373,5.0
index_18374,2.0
index_18375,2.0
index_18376,1.0
index_18377,3.0
index_18378,5.0
index_18379,4.0
index_18380,3.0
index_18381,3.0
index_18382,1.0
index_18383,1.0
index_18384,4.0
index_18385,1.0
index_18386,2.0
index_18387,3.0
index_18388,5.0
index_18389,1.0
index_18390,3.0
index_18391,5.0
index_18392,5.0
index_18393,4.0
index_18394,1.0
index_18395,4.0
index_18396,4.0
index_18397,3.0
index_18398,4.0
index_18399,5.0
index_18400,2.0
index_18401,2.0
index_18402,3.0
index_18403,3.0
index_18404,3.0
index_18405,2.0
index_18406,2.0
index_18407,4.0
index_18408,5.0
index_18409,5.0
index_18410,2.0
index_18411,3.0
index_18412,3.0
index_18413,5.0
index_18414,5.0
index_18415,2.0
index_18416,3.0
index_18417,1.0
index_18418,4.0
index_18419,1.0
index_18420,1.0
index_18421,3.0
index_18422,2.0
index_18423,3.0
index_18424,2.0
index_18425,1.0
index_18426,1.0
index_18427,3.0
index_18428,2.0
index_18429,5.0
index_18430,4.0
index_18431,5.0
index_18432,3.0
index_18433,4.0
index_18434,3.0
index_18435,3.0
index_18436,4.0
index_18437,4.0
index_18438,4.0
index_18439,1.0
index_18440,4.0
index_18441,4.0
index_18442,1.0
index_18443,3.0
index_18444,3.0
index_18445,2.0
index_18446,1.0
index_18447,3.0
index_18448,5.0
index_18449,3.0
index_18450,5.0
index_18451,3.0
index_18452,3.0
index_18453,4.0
index_18454,4.0
index_18455,2.0
index_18456,4.0
index_18457,3.0
index_18458,5.0
index_18459,1.0
index_18460,4.0
index_18461,2.0
index_18462,1.0
index_18463,4.0
index_18464,5.0
index_18465,5.0
index_18466,1.0
index_18467,1.0
index_18468,2.0
index_18469,1.0
index_18470,5.0
index_18471,1.0
index_18472,1.0
index_18473,5.0
index_18474,3.0
index_18475,4.0
index_18476,1.0
index_18477,2.0
index_18478,1.0
index_18479,1.0
index_18480,4.0
index_18481,4.0
index_18482,2.0
index_18483,2.0
index_18484,1.0
index_18485,5.0
index_18486,5.0
index_18487,4.0
index_18488,5.0
index_18489,3.0
index_18490,4.0
index_18491,2.0
index_18492,4.0
index_18493,3.0
index_18494,2.0
index_18495,5.0
index_18496,2.0
index_18497,3.0
index_18498,3.0
index_18499,3.0
index_18500,2.0
index_18501,2.0
index_18502,2.0
index_18503,2.0
index_18504,2.0
index_18505,3.0
index_18506,3.0
index_18507,3.0
index_18508,5.0
index_18509,3.0
index_18510,2.0
index_18511,3.0
index_18512,2.0
index_18513,3.0
index_18514,5.0
index_18515,4.0
index_18516,1.0
index_18517,5.0
index_18518,5.0
index_18519,2.0
index_18520,4.0
index_18521,5.0
index_18522,1.0
index_18523,4.0
index_18524,2.0
index_18525,2.0
index_18526,2.0
index_18527,5.0
index_18528,3.0
index_18529,5.0
index_18530,5.0
index_18531,1.0
index_18532,4.0
index_18533,5.0
index_18534,4.0
index_18535,1.0
index_18536,5.0
index_18537,4.0
index_18538,1.0
index_18539,5.0
index_18540,1.0
index_18541,1.0
index_18542,2.0
index_18543,1.0
index_18544,1.0
index_18545,3.0
index_18546,3.0
index_18547,5.0
index_18548,3.0
index_18549,2.0
index_18550,2.0
index_18551,4.0
index_18552,3.0
index_18553,5.0
index_18554,4.0
index_18555,3.0
index_18556,5.0
index_18557,4.0
index_18558,2.0
index_18559,2.0
index_18560,5.0
index_18561,4.0
index_18562,5.0
index_18563,4.0
index_18564,5.0
index_18565,5.0
index_18566,1.0
index_18567,5.0
index_18568,1.0
index_18569,3.0
index_18570,2.0
index_18571,5.0
index_18572,1.0
index_18573,2.0
index_18574,1.0
index_18575,1.0
index_18576,4.0
index_18577,5.0
index_18578,3.0
index_18579,4.0
index_18580,3.0
index_18581,2.0
index_18582,5.0
index_18583,5.0
index_18584,3.0
index_18585,1.0
index_18586,1.0
index_18587,2.0
index_18588,1.0
index_18589,3.0
index_18590,3.0
index_18591,2.0
index_18592,5.0
index_18593,3.0
index_18594,3.0
index_18595,5.0
index_18596,4.0
index_18597,2.0
index_18598,3.0
index_18599,3.0
index_18600,1.0
index_18601,5.0
index_18602,1.0
index_18603,2.0
index_18604,3.0
index_18605,2.0
index_18606,2.0
index_18607,1.0
index_18608,2.0
index_18609,2.0
index_18610,3.0
index_18611,5.0
index_18612,2.0
index_18613,2.0
index_18614,2.0
index_18615,3.0
index_18616,2.0
index_18617,1.0
index_18618,5.0
index_18619,3.0
index_18620,2.0
index_18621,4.0
index_18622,1.0
index_18623,3.0
index_18624,2.0
index_18625,3.0
index_18626,1.0
index_18627,1.0
index_18628,2.0
index_18629,5.0
index_18630,2.0
index_18631,5.0
index_18632,3.0
index_18633,1.0
index_18634,3.0
index_18635,2.0
index_18636,3.0
index_18637,3.0
index_18638,3.0
index_18639,3.0
index_18640,4.0
index_18641,5.0
index_18642,5.0
index_18643,1.0
index_18644,5.0
index_18645,1.0
index_18646,1.0
index_18647,4.0
index_18648,5.0
index_18649,1.0
index_18650,3.0
index_18651,4.0
index_18652,3.0
index_18653,2.0
index_18654,2.0
index_18655,4.0
index_18656,2.0
index_18657,2.0
index_18658,5.0
index_18659,5.0
index_18660,2.0
index_18661,5.0
index_18662,4.0
index_18663,3.0
index_18664,3.0
index_18665,2.0
index_18666,4.0
index_18667,1.0
index_18668,2.0
index_18669,2.0
index_18670,1.0
index_18671,1.0
index_18672,5.0
index_18673,1.0
index_18674,5.0
index_18675,5.0
index_18676,4.0
index_18677,3.0
index_18678,5.0
index_18679,2.0
index_18680,1.0
index_18681,2.0
index_18682,3.0
index_18683,2.0
index_18684,5.0
index_18685,4.0
index_18686,1.0
index_18687,2.0
index_18688,3.0
index_18689,1.0
index_18690,1.0
index_18691,5.0
index_18692,2.0
index_18693,3.0
index_18694,4.0
index_18695,5.0
index_18696,2.0
index_18697,3.0
index_18698,2.0
index_18699,5.0
index_18700,4.0
index_18701,1.0
index_18702,1.0
index_18703,3.0
index_18704,3.0
index_18705,1.0
index_18706,4.0
index_18707,3.0
index_18708,5.0
index_18709,4.0
index_18710,1.0
index_18711,4.0
index_18712,4.0
index_18713,1.0
index_18714,1.0
index_18715,3.0
index_18716,1.0
index_18717,5.0
index_18718,5.0
index_18719,1.0
index_18720,5.0
index_18721,5.0
index_18722,2.0
index_18723,2.0
index_18724,5.0
index_18725,3.0
index_18726,1.0
index_18727,5.0
index_18728,5.0
index_18729,4.0
index_18730,1.0
index_18731,4.0
index_18732,5.0
index_18733,1.0
index_18734,4.0
index_18735,4.0
index_18736,2.0
index_18737,4.0
index_18738,5.0
index_18739,1.0
index_18740,2.0
index_18741,4.0
index_18742,4.0
index_18743,5.0
index_18744,5.0
index_18745,1.0
index_18746,3.0
index_18747,2.0
index_18748,2.0
index_18749,3.0
index_18750,1.0
index_18751,4.0
index_18752,4.0
index_18753,2.0
index_18754,5.0
index_18755,3.0
index_18756,2.0
index_18757,2.0
index_18758,2.0
index_18759,2.0
index_18760,1.0
index_18761,3.0
index_18762,1.0
index_18763,1.0
index_18764,5.0
index_18765,1.0
index_18766,4.0
index_18767,1.0
index_18768,4.0
index_18769,3.0
index_18770,4.0
index_18771,2.0
index_18772,4.0
index_18773,1.0
index_18774,5.0
index_18775,3.0
index_18776,4.0
index_18777,3.0
index_18778,1.0
index_18779,1.0
index_18780,2.0
index_18781,1.0
index_18782,1.0
index_18783,5.0
index_18784,3.0
index_18785,5.0
index_18786,4.0
index_18787,2.0
index_18788,3.0
index_18789,4.0
index_18790,3.0
index_18791,5.0
index_18792,3.0
index_18793,4.0
index_18794,1.0
index_18795,5.0
index_18796,2.0
index_18797,3.0
index_18798,5.0
index_18799,2.0
index_18800,1.0
index_18801,1.0
index_18802,4.0
index_18803,5.0
index_18804,2.0
index_18805,3.0
index_18806,4.0
index_18807,2.0
index_18808,2.0
index_18809,2.0
index_18810,4.0
index_18811,2.0
index_18812,4.0
index_18813,4.0
index_18814,1.0
index_18815,2.0
index_18816,2.0
index_18817,3.0
index_18818,3.0
index_18819,4.0
index_18820,1.0
index_18821,1.0
index_18822,2.0
index_18823,2.0
index_18824,3.0
index_18825,4.0
index_18826,2.0
index_18827,1.0
index_18828,5.0
index_18829,5.0
index_18830,2.0
index_18831,2.0
index_18832,3.0
index_18833,5.0
index_18834,4.0
index_18835,5.0
index_18836,2.0
index_18837,1.0
index_18838,2.0
index_18839,5.0
index_18840,5.0
index_18841,3.0
index_18842,3.0
index_18843,3.0
index_18844,2.0
index_18845,1.0
index_18846,5.0
index_18847,1.0
index_18848,1.0
index_18849,4.0
index_18850,3.0
index_18851,2.0
index_18852,3.0
index_18853,1.0
index_18854,4.0
index_18855,5.0
index_18856,3.0
index_18857,2.0
index_18858,4.0
index_18859,3.0
index_18860,5.0
index_18861,5.0
index_18862,1.0
index_18863,5.0
index_18864,1.0
index_18865,3.0
index_18866,1.0
index_18867,3.0
index_18868,2.0
index_18869,3.0
index_18870,1.0
index_18871,1.0
index_18872,4.0
index_18873,5.0
index_18874,5.0
index_18875,2.0
index_18876,2.0
index_18877,1.0
index_18878,4.0
index_18879,1.0
index_18880,2.0
index_18881,2.0
index_18882,1.0
index_18883,2.0
index_18884,5.0
index_18885,1.0
index_18886,2.0
index_18887,3.0
index_18888,4.0
index_18889,2.0
index_18890,1.0
index_18891,2.0
index_18892,4.0
index_18893,5.0
index_18894,1.0
index_18895,5.0
index_18896,3.0
index_18897,1.0
index_18898,3.0
index_18899,2.0
index_18900,5.0
index_18901,2.0
index_18902,3.0
index_18903,3.0
index_18904,5.0
index_18905,2.0
index_18906,5.0
index_18907,1.0
index_18908,2.0
index_18909,3.0
index_18910,5.0
index_18911,3.0
index_18912,5.0
index_18913,5.0
index_18914,1.0
index_18915,4.0
index_18916,2.0
index_18917,1.0
index_18918,2.0
index_18919,1.0
index_18920,5.0
index_18921,1.0
index_18922,2.0
index_18923,1.0
index_18924,2.0
index_18925,1.0
index_18926,1.0
index_18927,5.0
index_18928,1.0
index_18929,4.0
index_18930,2.0
index_18931,3.0
index_18932,2.0
index_18933,1.0
index_18934,4.0
index_18935,5.0
index_18936,4.0
index_18937,2.0
index_18938,3.0
index_18939,3.0
index_18940,4.0
index_18941,2.0
index_18942,5.0
index_18943,4.0
index_18944,5.0
index_18945,1.0
index_18946,3.0
index_18947,5.0
index_18948,2.0
index_18949,2.0
index_18950,5.0
index_18951,2.0
index_18952,1.0
index_18953,2.0
index_18954,2.0
index_18955,4.0
index_18956,4.0
index_18957,5.0
index_18958,4.0
index_18959,1.0
index_18960,5.0
index_18961,5.0
index_18962,2.0
index_18963,5.0
index_18964,4.0
index_18965,1.0
index_18966,2.0
index_18967,2.0
index_18968,1.0
index_18969,2.0
index_18970,5.0
index_18971,1.0
index_18972,1.0
index_18973,4.0
index_18974,1.0
index_18975,1.0
index_18976,3.0
index_18977,2.0
index_18978,1.0
index_18979,4.0
index_18980,4.0
index_18981,2.0
index_18982,5.0
index_18983,1.0
index_18984,1.0
index_18985,1.0
index_18986,2.0
index_18987,4.0
index_18988,2.0
index_18989,3.0
index_18990,4.0
index_18991,5.0
index_18992,4.0
index_18993,5.0
index_18994,1.0
index_18995,4.0
index_18996,4.0
index_18997,3.0
index_18998,3.0
index_18999,5.0
index_19000,4.0
index_19001,3.0
index_19002,3.0
index_19003,2.0
index_19004,4.0
index_19005,3.0
index_19006,5.0
index_19007,5.0
index_19008,3.0
index_19009,2.0
index_19010,1.0
index_19011,3.0
index_19012,1.0
index_19013,3.0
index_19014,1.0
index_19015,2.0
index_19016,4.0
index_19017,1.0
index_19018,4.0
index_19019,5.0
index_19020,5.0
index_19021,1.0
index_19022,4.0
index_19023,1.0
index_19024,3.0
index_19025,2.0
index_19026,5.0
index_19027,1.0
index_19028,3.0
index_19029,4.0
index_19030,2.0
index_19031,1.0
index_19032,1.0
index_19033,1.0
index_19034,2.0
index_19035,5.0
index_19036,4.0
index_19037,3.0
index_19038,1.0
index_19039,2.0
index_19040,5.0
index_19041,5.0
index_19042,5.0
index_19043,2.0
index_19044,2.0
index_19045,4.0
index_19046,3.0
index_19047,1.0
index_19048,4.0
index_19049,5.0
index_19050,4.0
index_19051,5.0
index_19052,5.0
index_19053,4.0
index_19054,2.0
index_19055,5.0
index_19056,4.0
index_19057,5.0
index_19058,1.0
index_19059,1.0
index_19060,5.0
index_19061,1.0
index_19062,1.0
index_19063,3.0
index_19064,1.0
index_19065,2.0
index_19066,3.0
index_19067,1.0
index_19068,5.0
index_19069,1.0
index_19070,1.0
index_19071,4.0
index_19072,4.0
index_19073,1.0
index_19074,4.0
index_19075,3.0
index_19076,2.0
index_19077,4.0
index_19078,1.0
index_19079,5.0
index_19080,1.0
index_19081,5.0
index_19082,3.0
index_19083,3.0
index_19084,2.0
index_19085,5.0
index_19086,2.0
index_19087,5.0
index_19088,5.0
index_19089,5.0
index_19090,1.0
index_19091,3.0
index_19092,4.0
index_19093,1.0
index_19094,4.0
index_19095,2.0
index_19096,2.0
index_19097,1.0
index_19098,3.0
index_19099,1.0
index_19100,2.0
index_19101,2.0
index_19102,2.0
index_19103,2.0
index_19104,5.0
index_19105,5.0
index_19106,4.0
index_19107,3.0
index_19108,5.0
index_19109,5.0
index_19110,3.0
index_19111,4.0
index_19112,5.0
index_19113,5.0
index_19114,1.0
index_19115,4.0
index_19116,1.0
index_19117,1.0
index_19118,2.0
index_19119,4.0
index_19120,4.0
index_19121,3.0
index_19122,1.0
index_19123,1.0
index_19124,5.0
index_19125,2.0
index_19126,5.0
index_19127,3.0
index_19128,2.0
index_19129,1.0
index_19130,2.0
index_19131,3.0
index_19132,5.0
index_19133,4.0
index_19134,3.0
index_19135,1.0
index_19136,3.0
index_19137,1.0
index_19138,1.0
index_19139,2.0
index_19140,2.0
index_19141,4.0
index_19142,5.0
index_19143,3.0
index_19144,3.0
index_19145,2.0
index_19146,5.0
index_19147,4.0
index_19148,2.0
index_19149,4.0
index_19150,4.0
index_19151,3.0
index_19152,5.0
index_19153,5.0
index_19154,2.0
index_19155,5.0
index_19156,1.0
index_19157,3.0
index_19158,2.0
index_19159,3.0
index_19160,2.0
index_19161,1.0
index_19162,1.0
index_19163,2.0
index_19164,2.0
index_19165,1.0
index_19166,2.0
index_19167,4.0
index_19168,2.0
index_19169,5.0
index_19170,4.0
index_19171,3.0
index_19172,1.0
index_19173,2.0
index_19174,3.0
index_19175,3.0
index_19176,3.0
index_19177,1.0
index_19178,2.0
index_19179,2.0
index_19180,2.0
index_19181,3.0
index_19182,5.0
index_19183,4.0
index_19184,2.0
index_19185,3.0
index_19186,1.0
index_19187,1.0
index_19188,2.0
index_19189,5.0
index_19190,3.0
index_19191,2.0
index_19192,5.0
index_19193,1.0
index_19194,2.0
index_19195,3.0
index_19196,4.0
index_19197,3.0
index_19198,2.0
index_19199,5.0
index_19200,3.0
index_19201,5.0
index_19202,2.0
index_19203,5.0
index_19204,1.0
index_19205,4.0
index_19206,1.0
index_19207,3.0
index_19208,1.0
index_19209,2.0
index_19210,2.0
index_19211,5.0
index_19212,3.0
index_19213,2.0
index_19214,2.0
index_19215,3.0
index_19216,2.0
index_19217,3.0
index_19218,1.0
index_19219,5.0
index_19220,3.0
index_19221,1.0
index_19222,3.0
index_19223,3.0
index_19224,2.0
index_19225,4.0
index_19226,3.0
index_19227,3.0
index_19228,1.0
index_19229,1.0
index_19230,1.0
index_19231,3.0
index_19232,1.0
index_19233,2.0
index_19234,5.0
index_19235,1.0
index_19236,5.0
index_19237,5.0
index_19238,3.0
index_19239,3.0
index_19240,2.0
index_19241,5.0
index_19242,4.0
index_19243,4.0
index_19244,5.0
index_19245,2.0
index_19246,4.0
index_19247,1.0
index_19248,3.0
index_19249,2.0
index_19250,2.0
index_19251,3.0
index_19252,2.0
index_19253,1.0
index_19254,5.0
index_19255,5.0
index_19256,3.0
index_19257,5.0
index_19258,3.0
index_19259,3.0
index_19260,1.0
index_19261,3.0
index_19262,4.0
index_19263,5.0
index_19264,2.0
index_19265,5.0
index_19266,3.0
index_19267,3.0
index_19268,2.0
index_19269,5.0
index_19270,1.0
index_19271,3.0
index_19272,4.0
index_19273,1.0
index_19274,4.0
index_19275,4.0
index_19276,4.0
index_19277,1.0
index_19278,5.0
index_19279,5.0
index_19280,1.0
index_19281,4.0
index_19282,2.0
index_19283,5.0
index_19284,4.0
index_19285,2.0
index_19286,1.0
index_19287,5.0
index_19288,2.0
index_19289,5.0
index_19290,3.0
index_19291,4.0
index_19292,2.0
index_19293,5.0
index_19294,4.0
index_19295,3.0
index_19296,3.0
index_19297,4.0
index_19298,4.0
index_19299,3.0
index_19300,4.0
index_19301,2.0
index_19302,2.0
index_19303,2.0
index_19304,3.0
index_19305,5.0
index_19306,1.0
index_19307,1.0
index_19308,2.0
index_19309,4.0
index_19310,1.0
index_19311,3.0
index_19312,1.0
index_19313,1.0
index_19314,3.0
index_19315,2.0
index_19316,3.0
index_19317,3.0
index_19318,1.0
index_19319,3.0
index_19320,5.0
index_19321,4.0
index_19322,4.0
index_19323,4.0
index_19324,1.0
index_19325,2.0
index_19326,3.0
index_19327,2.0
index_19328,2.0
index_19329,2.0
index_19330,3.0
index_19331,4.0
index_19332,4.0
index_19333,2.0
index_19334,3.0
index_19335,1.0
index_19336,4.0
index_19337,3.0
index_19338,1.0
index_19339,5.0
index_19340,4.0
index_19341,4.0
index_19342,1.0
index_19343,3.0
index_19344,5.0
index_19345,4.0
index_19346,1.0
index_19347,1.0
index_19348,4.0
index_19349,4.0
index_19350,1.0
index_19351,5.0
index_19352,4.0
index_19353,2.0
index_19354,5.0
index_19355,3.0
index_19356,5.0
index_19357,5.0
index_19358,1.0
index_19359,3.0
index_19360,5.0
index_19361,4.0
index_19362,4.0
index_19363,3.0
index_19364,5.0
index_19365,2.0
index_19366,1.0
index_19367,3.0
index_19368,2.0
index_19369,2.0
index_19370,5.0
index_19371,5.0
index_19372,2.0
index_19373,1.0
index_19374,2.0
index_19375,1.0
index_19376,2.0
index_19377,3.0
index_19378,4.0
index_19379,3.0
index_19380,2.0
index_19381,3.0
index_19382,2.0
index_19383,3.0
index_19384,5.0
index_19385,1.0
index_19386,2.0
index_19387,5.0
index_19388,3.0
index_19389,3.0
index_19390,1.0
index_19391,2.0
index_19392,2.0
index_19393,5.0
index_19394,1.0
index_19395,3.0
index_19396,2.0
index_19397,4.0
index_19398,5.0
index_19399,2.0
index_19400,4.0
index_19401,5.0
index_19402,2.0
index_19403,1.0
index_19404,3.0
index_19405,4.0
index_19406,3.0
index_19407,1.0
index_19408,4.0
index_19409,2.0
index_19410,3.0
index_19411,3.0
index_19412,5.0
index_19413,1.0
index_19414,2.0
index_19415,2.0
index_19416,3.0
index_19417,5.0
index_19418,1.0
index_19419,5.0
index_19420,5.0
index_19421,1.0
index_19422,1.0
index_19423,1.0
index_19424,1.0
index_19425,5.0
index_19426,3.0
index_19427,2.0
index_19428,1.0
index_19429,3.0
index_19430,5.0
index_19431,3.0
index_19432,2.0
index_19433,1.0
index_19434,4.0
index_19435,3.0
index_19436,5.0
index_19437,4.0
index_19438,4.0
index_19439,2.0
index_19440,5.0
index_19441,1.0
index_19442,5.0
index_19443,3.0
index_19444,3.0
index_19445,3.0
index_19446,2.0
index_19447,3.0
index_19448,4.0
index_19449,1.0
index_19450,2.0
index_19451,3.0
index_19452,4.0
index_19453,3.0
index_19454,1.0
index_19455,4.0
index_19456,5.0
index_19457,1.0
index_19458,4.0
index_19459,5.0
index_19460,2.0
index_19461,1.0
index_19462,5.0
index_19463,4.0
index_19464,3.0
index_19465,3.0
index_19466,3.0
index_19467,3.0
index_19468,2.0
index_19469,1.0
index_19470,5.0
index_19471,4.0
index_19472,2.0
index_19473,4.0
index_19474,1.0
index_19475,4.0
index_19476,1.0
index_19477,2.0
index_19478,5.0
index_19479,2.0
index_19480,3.0
index_19481,5.0
index_19482,4.0
index_19483,3.0
index_19484,5.0
index_19485,4.0
index_19486,5.0
index_19487,1.0
index_19488,3.0
index_19489,1.0
index_19490,2.0
index_19491,2.0
index_19492,4.0
index_19493,2.0
index_19494,1.0
index_19495,4.0
index_19496,5.0
index_19497,3.0
index_19498,4.0
index_19499,4.0
index_19500,4.0
index_19501,2.0
index_19502,4.0
index_19503,3.0
index_19504,2.0
index_19505,5.0
index_19506,3.0
index_19507,3.0
index_19508,5.0
index_19509,5.0
index_19510,5.0
index_19511,1.0
index_19512,5.0
index_19513,5.0
index_19514,1.0
index_19515,1.0
index_19516,5.0
index_19517,1.0
index_19518,3.0
index_19519,1.0
index_19520,5.0
index_19521,3.0
index_19522,1.0
index_19523,2.0
index_19524,4.0
index_19525,3.0
index_19526,5.0
index_19527,4.0
index_19528,2.0
index_19529,2.0
index_19530,5.0
index_19531,4.0
index_19532,5.0
index_19533,2.0
index_19534,1.0
index_19535,1.0
index_19536,1.0
index_19537,2.0
index_19538,2.0
index_19539,3.0
index_19540,1.0
index_19541,4.0
index_19542,5.0
index_19543,4.0
index_19544,3.0
index_19545,5.0
index_19546,2.0
index_19547,2.0
index_19548,5.0
index_19549,4.0
index_19550,5.0
index_19551,3.0
index_19552,5.0
index_19553,2.0
index_19554,2.0
index_19555,2.0
index_19556,4.0
index_19557,3.0
index_19558,1.0
index_19559,2.0
index_19560,3.0
index_19561,2.0
index_19562,1.0
index_19563,3.0
index_19564,5.0
index_19565,5.0
index_19566,4.0
index_19567,4.0
index_19568,5.0
index_19569,2.0
index_19570,2.0
index_19571,3.0
index_19572,3.0
index_19573,5.0
index_19574,5.0
index_19575,3.0
index_19576,5.0
index_19577,2.0
index_19578,5.0
index_19579,5.0
index_19580,5.0
index_19581,3.0
index_19582,5.0
index_19583,3.0
index_19584,4.0
index_19585,3.0
index_19586,3.0
index_19587,5.0
index_19588,5.0
index_19589,1.0
index_19590,1.0
index_19591,3.0
index_19592,3.0
index_19593,3.0
index_19594,5.0
index_19595,2.0
index_19596,2.0
index_19597,2.0
index_19598,3.0
index_19599,3.0
index_19600,1.0
index_19601,5.0
index_19602,3.0
index_19603,3.0
index_19604,1.0
index_19605,3.0
index_19606,5.0
index_19607,1.0
index_19608,5.0
index_19609,1.0
index_19610,3.0
index_19611,5.0
index_19612,2.0
index_19613,4.0
index_19614,5.0
index_19615,2.0
index_19616,3.0
index_19617,1.0
index_19618,3.0
index_19619,5.0
index_19620,2.0
index_19621,4.0
index_19622,2.0
index_19623,5.0
index_19624,3.0
index_19625,4.0
index_19626,4.0
index_19627,3.0
index_19628,4.0
index_19629,3.0
index_19630,2.0
index_19631,4.0
index_19632,4.0
index_19633,3.0
index_19634,5.0
index_19635,5.0
index_19636,5.0
index_19637,4.0
index_19638,2.0
index_19639,5.0
index_19640,4.0
index_19641,2.0
index_19642,5.0
index_19643,5.0
index_19644,5.0
index_19645,3.0
index_19646,5.0
index_19647,5.0
index_19648,1.0
index_19649,5.0
index_19650,3.0
index_19651,3.0
index_19652,4.0
index_19653,2.0
index_19654,5.0
index_19655,2.0
index_19656,4.0
index_19657,3.0
index_19658,1.0
index_19659,2.0
index_19660,3.0
index_19661,5.0
index_19662,2.0
index_19663,3.0
index_19664,2.0
index_19665,1.0
index_19666,2.0
index_19667,5.0
index_19668,5.0
index_19669,5.0
index_19670,4.0
index_19671,3.0
index_19672,3.0
index_19673,3.0
index_19674,3.0
index_19675,3.0
index_19676,2.0
index_19677,1.0
index_19678,4.0
index_19679,4.0
index_19680,5.0
index_19681,4.0
index_19682,1.0
index_19683,1.0
index_19684,2.0
index_19685,3.0
index_19686,4.0
index_19687,1.0
index_19688,5.0
index_19689,3.0
index_19690,2.0
index_19691,3.0
index_19692,1.0
index_19693,5.0
index_19694,5.0
index_19695,4.0
index_19696,2.0
index_19697,3.0
index_19698,3.0
index_19699,1.0
index_19700,2.0
index_19701,4.0
index_19702,1.0
index_19703,1.0
index_19704,3.0
index_19705,4.0
index_19706,5.0
index_19707,3.0
index_19708,4.0
index_19709,3.0
index_19710,1.0
index_19711,5.0
index_19712,4.0
index_19713,5.0
index_19714,5.0
index_19715,5.0
index_19716,2.0
index_19717,5.0
index_19718,5.0
index_19719,1.0
index_19720,1.0
index_19721,1.0
index_19722,5.0
index_19723,4.0
index_19724,5.0
index_19725,1.0
index_19726,5.0
index_19727,4.0
index_19728,5.0
index_19729,1.0
index_19730,4.0
index_19731,2.0
index_19732,1.0
index_19733,3.0
index_19734,3.0
index_19735,5.0
index_19736,1.0
index_19737,2.0
index_19738,4.0
index_19739,5.0
index_19740,3.0
index_19741,4.0
index_19742,5.0
index_19743,2.0
index_19744,5.0
index_19745,5.0
index_19746,5.0
index_19747,5.0
index_19748,1.0
index_19749,5.0
index_19750,3.0
index_19751,1.0
index_19752,1.0
index_19753,5.0
index_19754,3.0
index_19755,5.0
index_19756,1.0
index_19757,5.0
index_19758,5.0
index_19759,3.0
index_19760,5.0
index_19761,3.0
index_19762,5.0
index_19763,1.0
index_19764,4.0
index_19765,2.0
index_19766,2.0
index_19767,2.0
index_19768,2.0
index_19769,4.0
index_19770,4.0
index_19771,3.0
index_19772,5.0
index_19773,2.0
index_19774,2.0
index_19775,2.0
index_19776,2.0
index_19777,5.0
index_19778,2.0
index_19779,5.0
index_19780,2.0
index_19781,2.0
index_19782,2.0
index_19783,4.0
index_19784,4.0
index_19785,3.0
index_19786,5.0
index_19787,3.0
index_19788,5.0
index_19789,5.0
index_19790,4.0
index_19791,5.0
index_19792,3.0
index_19793,4.0
index_19794,3.0
index_19795,3.0
index_19796,1.0
index_19797,1.0
index_19798,2.0
index_19799,4.0
index_19800,3.0
index_19801,1.0
index_19802,2.0
index_19803,3.0
index_19804,4.0
index_19805,2.0
index_19806,1.0
index_19807,4.0
index_19808,3.0
index_19809,1.0
index_19810,1.0
index_19811,1.0
index_19812,3.0
index_19813,5.0
index_19814,2.0
index_19815,1.0
index_19816,1.0
index_19817,2.0
index_19818,5.0
index_19819,2.0
index_19820,1.0
index_19821,2.0
index_19822,3.0
index_19823,5.0
index_19824,2.0
index_19825,5.0
index_19826,4.0
index_19827,3.0
index_19828,4.0
index_19829,3.0
index_19830,1.0
index_19831,2.0
index_19832,3.0
index_19833,2.0
index_19834,1.0
index_19835,3.0
index_19836,2.0
index_19837,5.0
index_19838,1.0
index_19839,5.0
index_19840,4.0
index_19841,1.0
index_19842,5.0
index_19843,4.0
index_19844,5.0
index_19845,1.0
index_19846,5.0
index_19847,1.0
index_19848,2.0
index_19849,2.0
index_19850,1.0
index_19851,4.0
index_19852,5.0
index_19853,5.0
index_19854,3.0
index_19855,2.0
index_19856,1.0
index_19857,2.0
index_19858,4.0
index_19859,2.0
index_19860,5.0
index_19861,4.0
index_19862,1.0
index_19863,3.0
index_19864,1.0
index_19865,1.0
index_19866,2.0
index_19867,1.0
index_19868,5.0
index_19869,5.0
index_19870,1.0
index_19871,1.0
index_19872,1.0
index_19873,2.0
index_19874,4.0
index_19875,5.0
index_19876,5.0
index_19877,1.0
index_19878,1.0
index_19879,1.0
index_19880,1.0
index_19881,1.0
index_19882,1.0
index_19883,2.0
index_19884,1.0
index_19885,3.0
index_19886,1.0
index_19887,2.0
index_19888,3.0
index_19889,2.0
index_19890,1.0
index_19891,1.0
index_19892,5.0
index_19893,1.0
index_19894,1.0
index_19895,2.0
index_19896,2.0
index_19897,2.0
index_19898,1.0
index_19899,5.0
index_19900,5.0
index_19901,5.0
index_19902,3.0
index_19903,1.0
index_19904,2.0
index_19905,5.0
index_19906,4.0
index_19907,2.0
index_19908,3.0
index_19909,1.0
index_19910,3.0
index_19911,1.0
index_19912,1.0
index_19913,2.0
index_19914,2.0
index_19915,3.0
index_19916,2.0
index_19917,4.0
index_19918,3.0
index_19919,4.0
index_19920,4.0
index_19921,2.0
index_19922,3.0
index_19923,1.0
index_19924,5.0
index_19925,3.0
index_19926,3.0
index_19927,3.0
index_19928,5.0
index_19929,2.0
index_19930,1.0
index_19931,5.0
index_19932,1.0
index_19933,1.0
index_19934,3.0
index_19935,4.0
index_19936,1.0
index_19937,2.0
index_19938,2.0
index_19939,5.0
index_19940,3.0
index_19941,2.0
index_19942,3.0
index_19943,4.0
index_19944,5.0
index_19945,3.0
index_19946,2.0
index_19947,3.0
index_19948,5.0
index_19949,2.0
index_19950,3.0
index_19951,2.0
index_19952,1.0
index_19953,2.0
index_19954,1.0
index_19955,3.0
index_19956,1.0
index_19957,2.0
index_19958,1.0
index_19959,2.0
index_19960,3.0
index_19961,2.0
index_19962,5.0
index_19963,3.0
index_19964,4.0
index_19965,3.0
index_19966,1.0
index_19967,4.0
index_19968,2.0
index_19969,1.0
index_19970,2.0
index_19971,2.0
index_19972,3.0
index_19973,5.0
index_19974,5.0
index_19975,2.0
index_19976,2.0
index_19977,1.0
index_19978,4.0
index_19979,1.0
index_19980,4.0
index_19981,4.0
index_19982,4.0
index_19983,1.0
index_19984,3.0
index_19985,5.0
index_19986,5.0
index_19987,4.0
index_19988,5.0
index_19989,5.0
index_19990,1.0
index_19991,4.0
index_19992,2.0
index_19993,1.0
index_19994,5.0
index_19995,3.0
index_19996,5.0
index_19997,4.0
index_19998,3.0
index_19999,4.0
index_20000,2.0
index_20001,2.0
index_20002,4.0
index_20003,4.0
index_20004,5.0
index_20005,3.0
index_20006,5.0
index_20007,4.0
index_20008,2.0
index_20009,2.0
index_20010,5.0
index_20011,4.0
index_20012,2.0
index_20013,1.0
index_20014,2.0
index_20015,4.0
index_20016,5.0
index_20017,1.0
index_20018,4.0
index_20019,5.0
index_20020,5.0
index_20021,3.0
index_20022,4.0
index_20023,5.0
index_20024,3.0
index_20025,1.0
index_20026,4.0
index_20027,4.0
index_20028,3.0
index_20029,3.0
index_20030,5.0
index_20031,3.0
index_20032,3.0
index_20033,5.0
index_20034,3.0
index_20035,4.0
index_20036,3.0
index_20037,1.0
index_20038,1.0
index_20039,4.0
index_20040,2.0
index_20041,3.0
index_20042,4.0
index_20043,5.0
index_20044,3.0
index_20045,1.0
index_20046,1.0
index_20047,4.0
index_20048,1.0
index_20049,2.0
index_20050,4.0
index_20051,1.0
index_20052,3.0
index_20053,3.0
index_20054,4.0
index_20055,2.0
index_20056,3.0
index_20057,5.0
index_20058,5.0
index_20059,5.0
index_20060,5.0
index_20061,2.0
index_20062,1.0
index_20063,5.0
index_20064,3.0
index_20065,4.0
index_20066,2.0
index_20067,3.0
index_20068,1.0
index_20069,5.0
index_20070,5.0
index_20071,1.0
index_20072,2.0
index_20073,2.0
index_20074,2.0
index_20075,4.0
index_20076,2.0
index_20077,3.0
index_20078,3.0
index_20079,3.0
index_20080,3.0
index_20081,3.0
index_20082,4.0
index_20083,4.0
index_20084,2.0
index_20085,5.0
index_20086,1.0
index_20087,1.0
index_20088,1.0
index_20089,5.0
index_20090,2.0
index_20091,1.0
index_20092,2.0
index_20093,3.0
index_20094,1.0
index_20095,3.0
index_20096,3.0
index_20097,4.0
index_20098,4.0
index_20099,3.0
index_20100,3.0
index_20101,2.0
index_20102,5.0
index_20103,1.0
index_20104,4.0
index_20105,2.0
index_20106,1.0
index_20107,4.0
index_20108,1.0
index_20109,1.0
index_20110,1.0
index_20111,2.0
index_20112,5.0
index_20113,2.0
index_20114,5.0
index_20115,5.0
index_20116,1.0
index_20117,2.0
index_20118,5.0
index_20119,5.0
index_20120,1.0
index_20121,5.0
index_20122,1.0
index_20123,1.0
index_20124,3.0
index_20125,5.0
index_20126,5.0
index_20127,5.0
index_20128,4.0
index_20129,3.0
index_20130,5.0
index_20131,2.0
index_20132,2.0
index_20133,5.0
index_20134,1.0
index_20135,3.0
index_20136,1.0
index_20137,1.0
index_20138,1.0
index_20139,1.0
index_20140,1.0
index_20141,1.0
index_20142,4.0
index_20143,2.0
index_20144,5.0
index_20145,3.0
index_20146,2.0
index_20147,4.0
index_20148,1.0
index_20149,3.0
index_20150,1.0
index_20151,5.0
index_20152,3.0
index_20153,4.0
index_20154,3.0
index_20155,5.0
index_20156,1.0
index_20157,3.0
index_20158,4.0
index_20159,5.0
index_20160,1.0
index_20161,5.0
index_20162,1.0
index_20163,4.0
index_20164,1.0
index_20165,4.0
index_20166,4.0
index_20167,5.0
index_20168,5.0
index_20169,5.0
index_20170,3.0
index_20171,3.0
index_20172,5.0
index_20173,1.0
index_20174,5.0
index_20175,2.0
index_20176,1.0
index_20177,4.0
index_20178,1.0
index_20179,2.0
index_20180,1.0
index_20181,1.0
index_20182,3.0
index_20183,2.0
index_20184,2.0
index_20185,1.0
index_20186,5.0
index_20187,2.0
index_20188,4.0
index_20189,4.0
index_20190,4.0
index_20191,3.0
index_20192,1.0
index_20193,1.0
index_20194,4.0
index_20195,2.0
index_20196,4.0
index_20197,5.0
index_20198,4.0
index_20199,5.0
index_20200,1.0
index_20201,5.0
index_20202,1.0
index_20203,4.0
index_20204,3.0
index_20205,1.0
index_20206,2.0
index_20207,5.0
index_20208,3.0
index_20209,4.0
index_20210,1.0
index_20211,5.0
index_20212,2.0
index_20213,5.0
index_20214,1.0
index_20215,1.0
index_20216,4.0
index_20217,3.0
index_20218,2.0
index_20219,3.0
index_20220,1.0
index_20221,1.0
index_20222,4.0
index_20223,4.0
index_20224,1.0
index_20225,4.0
index_20226,5.0
index_20227,5.0
index_20228,2.0
index_20229,4.0
index_20230,3.0
index_20231,1.0
index_20232,2.0
index_20233,3.0
index_20234,4.0
index_20235,4.0
index_20236,2.0
index_20237,2.0
index_20238,4.0
index_20239,5.0
index_20240,1.0
index_20241,1.0
index_20242,2.0
index_20243,2.0
index_20244,3.0
index_20245,1.0
index_20246,3.0
index_20247,4.0
index_20248,1.0
index_20249,5.0
index_20250,1.0
index_20251,2.0
index_20252,5.0
index_20253,1.0
index_20254,3.0
index_20255,3.0
index_20256,5.0
index_20257,1.0
index_20258,1.0
index_20259,1.0
index_20260,1.0
index_20261,5.0
index_20262,3.0
index_20263,1.0
index_20264,2.0
index_20265,5.0
index_20266,2.0
index_20267,1.0
index_20268,4.0
index_20269,3.0
index_20270,1.0
index_20271,5.0
index_20272,5.0
index_20273,3.0
index_20274,5.0
index_20275,3.0
index_20276,1.0
index_20277,2.0
index_20278,4.0
index_20279,3.0
index_20280,2.0
index_20281,5.0
index_20282,4.0
index_20283,3.0
index_20284,1.0
index_20285,3.0
index_20286,5.0
index_20287,4.0
index_20288,3.0
index_20289,5.0
index_20290,3.0
index_20291,1.0
index_20292,2.0
index_20293,4.0
index_20294,3.0
index_20295,4.0
index_20296,1.0
index_20297,3.0
index_20298,2.0
index_20299,5.0
index_20300,2.0
index_20301,3.0
index_20302,3.0
index_20303,2.0
index_20304,5.0
index_20305,3.0
index_20306,2.0
index_20307,1.0
index_20308,2.0
index_20309,2.0
index_20310,2.0
index_20311,2.0
index_20312,2.0
index_20313,5.0
index_20314,1.0
index_20315,2.0
index_20316,4.0
index_20317,5.0
index_20318,5.0
index_20319,4.0
index_20320,4.0
index_20321,5.0
index_20322,2.0
index_20323,5.0
index_20324,3.0
index_20325,1.0
index_20326,1.0
index_20327,5.0
index_20328,3.0
index_20329,3.0
index_20330,4.0
index_20331,5.0
index_20332,4.0
index_20333,1.0
index_20334,1.0
index_20335,4.0
index_20336,2.0
index_20337,5.0
index_20338,4.0
index_20339,3.0
index_20340,4.0
index_20341,3.0
index_20342,2.0
index_20343,4.0
index_20344,2.0
index_20345,1.0
index_20346,5.0
index_20347,2.0
index_20348,3.0
index_20349,2.0
index_20350,3.0
index_20351,4.0
index_20352,3.0
index_20353,3.0
index_20354,2.0
index_20355,4.0
index_20356,5.0
index_20357,5.0
index_20358,3.0
index_20359,1.0
index_20360,1.0
index_20361,1.0
index_20362,3.0
index_20363,4.0
index_20364,1.0
index_20365,1.0
index_20366,5.0
index_20367,1.0
index_20368,1.0
index_20369,3.0
index_20370,1.0
index_20371,4.0
index_20372,3.0
index_20373,3.0
index_20374,3.0
index_20375,2.0
index_20376,5.0
index_20377,3.0
index_20378,5.0
index_20379,1.0
index_20380,4.0
index_20381,2.0
index_20382,4.0
index_20383,2.0
index_20384,3.0
index_20385,2.0
index_20386,1.0
index_20387,1.0
index_20388,5.0
index_20389,1.0
index_20390,1.0
index_20391,1.0
index_20392,1.0
index_20393,2.0
index_20394,1.0
index_20395,3.0
index_20396,4.0
index_20397,5.0
index_20398,2.0
index_20399,1.0
index_20400,1.0
index_20401,5.0
index_20402,5.0
index_20403,3.0
index_20404,2.0
index_20405,4.0
index_20406,2.0
index_20407,5.0
index_20408,3.0
index_20409,2.0
index_20410,5.0
index_20411,5.0
index_20412,3.0
index_20413,2.0
index_20414,3.0
index_20415,5.0
index_20416,1.0
index_20417,4.0
index_20418,4.0
index_20419,2.0
index_20420,4.0
index_20421,1.0
index_20422,5.0
index_20423,5.0
index_20424,2.0
index_20425,5.0
index_20426,5.0
index_20427,4.0
index_20428,3.0
index_20429,1.0
index_20430,1.0
index_20431,1.0
index_20432,5.0
index_20433,5.0
index_20434,5.0
index_20435,3.0
index_20436,5.0
index_20437,2.0
index_20438,5.0
index_20439,4.0
index_20440,2.0
index_20441,5.0
index_20442,3.0
index_20443,2.0
index_20444,5.0
index_20445,4.0
index_20446,3.0
index_20447,2.0
index_20448,3.0
index_20449,5.0
index_20450,5.0
index_20451,3.0
index_20452,5.0
index_20453,5.0
index_20454,2.0
index_20455,2.0
index_20456,1.0
index_20457,3.0
index_20458,2.0
index_20459,2.0
index_20460,3.0
index_20461,2.0
index_20462,5.0
index_20463,3.0
index_20464,1.0
index_20465,4.0
index_20466,2.0
index_20467,5.0
index_20468,1.0
index_20469,1.0
index_20470,3.0
index_20471,1.0
index_20472,5.0
index_20473,3.0
index_20474,3.0
index_20475,1.0
index_20476,1.0
index_20477,5.0
index_20478,2.0
index_20479,5.0
index_20480,1.0
index_20481,2.0
index_20482,1.0
index_20483,2.0
index_20484,2.0
index_20485,5.0
index_20486,5.0
index_20487,1.0
index_20488,1.0
index_20489,3.0
index_20490,4.0
index_20491,5.0
index_20492,4.0
index_20493,2.0
index_20494,5.0
index_20495,3.0
index_20496,3.0
index_20497,5.0
index_20498,4.0
index_20499,3.0
index_20500,1.0
index_20501,2.0
index_20502,2.0
index_20503,1.0
index_20504,2.0
index_20505,1.0
index_20506,5.0
index_20507,1.0
index_20508,5.0
index_20509,2.0
index_20510,4.0
index_20511,5.0
index_20512,1.0
index_20513,2.0
index_20514,5.0
index_20515,2.0
index_20516,2.0
index_20517,4.0
index_20518,1.0
index_20519,1.0
index_20520,2.0
index_20521,5.0
index_20522,5.0
index_20523,1.0
index_20524,5.0
index_20525,1.0
index_20526,5.0
index_20527,2.0
index_20528,3.0
index_20529,4.0
index_20530,1.0
index_20531,1.0
index_20532,4.0
index_20533,4.0
index_20534,3.0
index_20535,3.0
index_20536,2.0
index_20537,5.0
index_20538,4.0
index_20539,2.0
index_20540,1.0
index_20541,1.0
index_20542,1.0
index_20543,1.0
index_20544,1.0
index_20545,4.0
index_20546,4.0
index_20547,5.0
index_20548,1.0
index_20549,1.0
index_20550,2.0
index_20551,5.0
index_20552,3.0
index_20553,2.0
index_20554,4.0
index_20555,2.0
index_20556,2.0
index_20557,2.0
index_20558,4.0
index_20559,3.0
index_20560,5.0
index_20561,1.0
index_20562,3.0
index_20563,4.0
index_20564,4.0
index_20565,5.0
index_20566,3.0
index_20567,2.0
index_20568,2.0
index_20569,4.0
index_20570,1.0
index_20571,2.0
index_20572,1.0
index_20573,4.0
index_20574,2.0
index_20575,1.0
index_20576,1.0
index_20577,1.0
index_20578,4.0
index_20579,5.0
index_20580,3.0
index_20581,5.0
index_20582,4.0
index_20583,4.0
index_20584,4.0
index_20585,5.0
index_20586,1.0
index_20587,4.0
index_20588,3.0
index_20589,2.0
index_20590,3.0
index_20591,1.0
index_20592,5.0
index_20593,5.0
index_20594,4.0
index_20595,3.0
index_20596,2.0
index_20597,4.0
index_20598,4.0
index_20599,3.0
index_20600,2.0
index_20601,1.0
index_20602,3.0
index_20603,2.0
index_20604,1.0
index_20605,2.0
index_20606,2.0
index_20607,3.0
index_20608,5.0
index_20609,1.0
index_20610,1.0
index_20611,2.0
index_20612,4.0
index_20613,4.0
index_20614,1.0
index_20615,5.0
index_20616,1.0
index_20617,2.0
index_20618,2.0
index_20619,4.0
index_20620,2.0
index_20621,3.0
index_20622,4.0
index_20623,2.0
index_20624,5.0
index_20625,2.0
index_20626,2.0
index_20627,1.0
index_20628,4.0
index_20629,5.0
index_20630,5.0
index_20631,1.0
index_20632,5.0
index_20633,3.0
index_20634,5.0
index_20635,3.0
index_20636,1.0
index_20637,2.0
index_20638,1.0
index_20639,1.0
index_20640,5.0
index_20641,5.0
index_20642,1.0
index_20643,4.0
index_20644,5.0
index_20645,4.0
index_20646,1.0
index_20647,4.0
index_20648,3.0
index_20649,1.0
index_20650,5.0
index_20651,5.0
index_20652,1.0
index_20653,2.0
index_20654,2.0
index_20655,5.0
index_20656,2.0
index_20657,5.0
index_20658,1.0
index_20659,3.0
index_20660,1.0
index_20661,3.0
index_20662,5.0
index_20663,3.0
index_20664,5.0
index_20665,1.0
index_20666,4.0
index_20667,3.0
index_20668,5.0
index_20669,1.0
index_20670,4.0
index_20671,5.0
index_20672,5.0
index_20673,5.0
index_20674,1.0
index_20675,4.0
index_20676,2.0
index_20677,1.0
index_20678,1.0
index_20679,1.0
index_20680,5.0
index_20681,2.0
index_20682,5.0
index_20683,3.0
index_20684,3.0
index_20685,4.0
index_20686,1.0
index_20687,5.0
index_20688,1.0
index_20689,4.0
index_20690,5.0
index_20691,1.0
index_20692,2.0
index_20693,5.0
index_20694,3.0
index_20695,4.0
index_20696,1.0
index_20697,1.0
index_20698,5.0
index_20699,4.0
index_20700,3.0
index_20701,3.0
index_20702,4.0
index_20703,5.0
index_20704,5.0
index_20705,1.0
index_20706,4.0
index_20707,4.0
index_20708,3.0
index_20709,5.0
index_20710,2.0
index_20711,5.0
index_20712,5.0
index_20713,2.0
index_20714,5.0
index_20715,2.0
index_20716,1.0
index_20717,5.0
index_20718,5.0
index_20719,2.0
index_20720,3.0
index_20721,3.0
index_20722,1.0
index_20723,2.0
index_20724,2.0
index_20725,3.0
index_20726,4.0
index_20727,4.0
index_20728,5.0
index_20729,1.0
index_20730,4.0
index_20731,4.0
index_20732,5.0
index_20733,1.0
index_20734,4.0
index_20735,5.0
index_20736,2.0
index_20737,1.0
index_20738,4.0
index_20739,5.0
index_20740,5.0
index_20741,2.0
index_20742,4.0
index_20743,2.0
index_20744,2.0
index_20745,5.0
index_20746,1.0
index_20747,2.0
index_20748,2.0
index_20749,3.0
index_20750,1.0
index_20751,1.0
index_20752,1.0
index_20753,5.0
index_20754,3.0
index_20755,3.0
index_20756,5.0
index_20757,2.0
index_20758,5.0
index_20759,4.0
index_20760,1.0
index_20761,5.0
index_20762,2.0
index_20763,1.0
index_20764,3.0
index_20765,4.0
index_20766,5.0
index_20767,3.0
index_20768,4.0
index_20769,3.0
index_20770,1.0
index_20771,5.0
index_20772,3.0
index_20773,5.0
index_20774,5.0
index_20775,1.0
index_20776,1.0
index_20777,5.0
index_20778,4.0
index_20779,2.0
index_20780,2.0
index_20781,5.0
index_20782,5.0
index_20783,4.0
index_20784,2.0
index_20785,2.0
index_20786,1.0
index_20787,3.0
index_20788,3.0
index_20789,5.0
index_20790,1.0
index_20791,1.0
index_20792,4.0
index_20793,1.0
index_20794,2.0
index_20795,5.0
index_20796,3.0
index_20797,1.0
index_20798,2.0
index_20799,3.0
index_20800,2.0
index_20801,5.0
index_20802,4.0
index_20803,3.0
index_20804,1.0
index_20805,5.0
index_20806,1.0
index_20807,5.0
index_20808,3.0
index_20809,3.0
index_20810,4.0
index_20811,4.0
index_20812,4.0
index_20813,2.0
index_20814,2.0
index_20815,5.0
index_20816,4.0
index_20817,1.0
index_20818,5.0
index_20819,2.0
index_20820,4.0
index_20821,4.0
index_20822,3.0
index_20823,4.0
index_20824,2.0
index_20825,1.0
index_20826,5.0
index_20827,5.0
index_20828,2.0
index_20829,2.0
index_20830,4.0
index_20831,5.0
index_20832,2.0
index_20833,3.0
index_20834,3.0
index_20835,1.0
index_20836,3.0
index_20837,3.0
index_20838,4.0
index_20839,5.0
index_20840,5.0
index_20841,3.0
index_20842,3.0
index_20843,4.0
index_20844,5.0
index_20845,1.0
index_20846,2.0
index_20847,5.0
index_20848,3.0
index_20849,5.0
index_20850,1.0
index_20851,4.0
index_20852,4.0
index_20853,2.0
index_20854,5.0
index_20855,4.0
index_20856,5.0
index_20857,2.0
index_20858,2.0
index_20859,4.0
index_20860,2.0
index_20861,1.0
index_20862,3.0
index_20863,2.0
index_20864,3.0
index_20865,4.0
index_20866,2.0
index_20867,5.0
index_20868,3.0
index_20869,1.0
index_20870,3.0
index_20871,3.0
index_20872,2.0
index_20873,5.0
index_20874,5.0
index_20875,1.0
index_20876,5.0
index_20877,3.0
index_20878,5.0
index_20879,1.0
index_20880,1.0
index_20881,1.0
index_20882,5.0
index_20883,2.0
index_20884,5.0
index_20885,5.0
index_20886,3.0
index_20887,4.0
index_20888,4.0
index_20889,5.0
index_20890,3.0
index_20891,3.0
index_20892,4.0
index_20893,1.0
index_20894,4.0
index_20895,4.0
index_20896,2.0
index_20897,4.0
index_20898,2.0
index_20899,1.0
index_20900,2.0
index_20901,3.0
index_20902,3.0
index_20903,3.0
index_20904,2.0
index_20905,4.0
index_20906,1.0
index_20907,2.0
index_20908,1.0
index_20909,1.0
index_20910,1.0
index_20911,3.0
index_20912,5.0
index_20913,5.0
index_20914,2.0
index_20915,5.0
index_20916,2.0
index_20917,1.0
index_20918,3.0
index_20919,5.0
index_20920,2.0
index_20921,1.0
index_20922,2.0
index_20923,5.0
index_20924,1.0
index_20925,5.0
index_20926,2.0
index_20927,2.0
index_20928,3.0
index_20929,3.0
index_20930,4.0
index_20931,3.0
index_20932,4.0
index_20933,1.0
index_20934,5.0
index_20935,4.0
index_20936,3.0
index_20937,3.0
index_20938,1.0
index_20939,1.0
index_20940,4.0
index_20941,1.0
index_20942,4.0
index_20943,3.0
index_20944,5.0
index_20945,1.0
index_20946,4.0
index_20947,5.0
index_20948,2.0
index_20949,1.0
index_20950,4.0
index_20951,4.0
index_20952,4.0
index_20953,5.0
index_20954,1.0
index_20955,3.0
index_20956,1.0
index_20957,2.0
index_20958,4.0
index_20959,1.0
index_20960,4.0
index_20961,5.0
index_20962,1.0
index_20963,4.0
index_20964,5.0
index_20965,3.0
index_20966,5.0
index_20967,2.0
index_20968,4.0
index_20969,1.0
index_20970,5.0
index_20971,3.0
index_20972,2.0
index_20973,2.0
index_20974,4.0
index_20975,2.0
index_20976,1.0
index_20977,3.0
index_20978,2.0
index_20979,4.0
index_20980,5.0
index_20981,5.0
index_20982,4.0
index_20983,5.0
index_20984,5.0
index_20985,1.0
index_20986,1.0
index_20987,3.0
index_20988,5.0
index_20989,4.0
index_20990,1.0
index_20991,5.0
index_20992,3.0
index_20993,3.0
index_20994,1.0
index_20995,3.0
index_20996,2.0
index_20997,2.0
index_20998,5.0
index_20999,3.0
index_21000,5.0
index_21001,2.0
index_21002,2.0
index_21003,1.0
index_21004,3.0
index_21005,1.0
index_21006,2.0
index_21007,1.0
index_21008,5.0
index_21009,3.0
index_21010,1.0
index_21011,3.0
index_21012,4.0
index_21013,3.0
index_21014,1.0
index_21015,2.0
index_21016,1.0
index_21017,2.0
index_21018,2.0
index_21019,5.0
index_21020,1.0
index_21021,4.0
index_21022,5.0
index_21023,4.0
index_21024,3.0
index_21025,5.0
index_21026,5.0
index_21027,3.0
index_21028,3.0
index_21029,3.0
index_21030,5.0
index_21031,2.0
index_21032,3.0
index_21033,5.0
index_21034,2.0
index_21035,4.0
index_21036,1.0
index_21037,1.0
index_21038,3.0
index_21039,5.0
index_21040,3.0
index_21041,3.0
index_21042,1.0
index_21043,2.0
index_21044,4.0
index_21045,5.0
index_21046,4.0
index_21047,2.0
index_21048,2.0
index_21049,3.0
index_21050,5.0
index_21051,1.0
index_21052,3.0
index_21053,2.0
index_21054,2.0
index_21055,3.0
index_21056,2.0
index_21057,4.0
index_21058,2.0
index_21059,5.0
index_21060,1.0
index_21061,2.0
index_21062,4.0
index_21063,2.0
index_21064,5.0
index_21065,1.0
index_21066,1.0
index_21067,2.0
index_21068,3.0
index_21069,4.0
index_21070,4.0
index_21071,3.0
index_21072,2.0
index_21073,1.0
index_21074,1.0
index_21075,4.0
index_21076,3.0
index_21077,4.0
index_21078,5.0
index_21079,1.0
index_21080,3.0
index_21081,5.0
index_21082,2.0
index_21083,5.0
index_21084,3.0
index_21085,5.0
index_21086,2.0
index_21087,1.0
index_21088,1.0
index_21089,3.0
index_21090,5.0
index_21091,1.0
index_21092,2.0
index_21093,5.0
index_21094,3.0
index_21095,1.0
index_21096,1.0
index_21097,2.0
index_21098,1.0
index_21099,5.0
index_21100,2.0
index_21101,4.0
index_21102,4.0
index_21103,3.0
index_21104,5.0
index_21105,5.0
index_21106,4.0
index_21107,5.0
index_21108,2.0
index_21109,2.0
index_21110,2.0
index_21111,1.0
index_21112,5.0
index_21113,4.0
index_21114,1.0
index_21115,3.0
index_21116,5.0
index_21117,3.0
index_21118,1.0
index_21119,4.0
index_21120,3.0
index_21121,1.0
index_21122,1.0
index_21123,4.0
index_21124,4.0
index_21125,1.0
index_21126,4.0
index_21127,5.0
index_21128,2.0
index_21129,4.0
index_21130,1.0
index_21131,2.0
index_21132,2.0
index_21133,2.0
index_21134,1.0
index_21135,3.0
index_21136,5.0
index_21137,5.0
index_21138,2.0
index_21139,5.0
index_21140,4.0
index_21141,3.0
index_21142,4.0
index_21143,5.0
index_21144,1.0
index_21145,5.0
index_21146,3.0
index_21147,2.0
index_21148,1.0
index_21149,4.0
index_21150,1.0
index_21151,5.0
index_21152,2.0
index_21153,3.0
index_21154,1.0
index_21155,2.0
index_21156,2.0
index_21157,1.0
index_21158,5.0
index_21159,2.0
index_21160,5.0
index_21161,4.0
index_21162,1.0
index_21163,5.0
index_21164,3.0
index_21165,2.0
index_21166,1.0
index_21167,1.0
index_21168,3.0
index_21169,5.0
index_21170,4.0
index_21171,1.0
index_21172,1.0
index_21173,2.0
index_21174,3.0
index_21175,2.0
index_21176,3.0
index_21177,3.0
index_21178,1.0
index_21179,5.0
index_21180,2.0
index_21181,1.0
index_21182,5.0
index_21183,3.0
index_21184,1.0
index_21185,5.0
index_21186,5.0
index_21187,4.0
index_21188,4.0
index_21189,4.0
index_21190,3.0
index_21191,5.0
index_21192,1.0
index_21193,1.0
index_21194,2.0
index_21195,4.0
index_21196,3.0
index_21197,2.0
index_21198,1.0
index_21199,4.0
index_21200,5.0
index_21201,2.0
index_21202,2.0
index_21203,4.0
index_21204,2.0
index_21205,5.0
index_21206,4.0
index_21207,2.0
index_21208,1.0
index_21209,2.0
index_21210,4.0
index_21211,3.0
index_21212,1.0
index_21213,2.0
index_21214,4.0
index_21215,4.0
index_21216,1.0
index_21217,4.0
index_21218,1.0
index_21219,1.0
index_21220,3.0
index_21221,4.0
index_21222,5.0
index_21223,2.0
index_21224,2.0
index_21225,5.0
index_21226,5.0
index_21227,2.0
index_21228,1.0
index_21229,1.0
index_21230,3.0
index_21231,2.0
index_21232,1.0
index_21233,3.0
index_21234,4.0
index_21235,5.0
index_21236,4.0
index_21237,3.0
index_21238,4.0
index_21239,1.0
index_21240,2.0
index_21241,4.0
index_21242,4.0
index_21243,2.0
index_21244,2.0
index_21245,2.0
index_21246,1.0
index_21247,4.0
index_21248,2.0
index_21249,5.0
index_21250,1.0
index_21251,5.0
index_21252,4.0
index_21253,2.0
index_21254,2.0
index_21255,2.0
index_21256,4.0
index_21257,2.0
index_21258,4.0
index_21259,4.0
index_21260,2.0
index_21261,5.0
index_21262,1.0
index_21263,5.0
index_21264,2.0
index_21265,2.0
index_21266,5.0
index_21267,2.0
index_21268,5.0
index_21269,5.0
index_21270,5.0
index_21271,4.0
index_21272,1.0
index_21273,1.0
index_21274,2.0
index_21275,5.0
index_21276,3.0
index_21277,2.0
index_21278,2.0
index_21279,2.0
index_21280,2.0
index_21281,5.0
index_21282,3.0
index_21283,2.0
index_21284,3.0
index_21285,5.0
index_21286,2.0
index_21287,1.0
index_21288,2.0
index_21289,5.0
index_21290,4.0
index_21291,2.0
index_21292,2.0
index_21293,1.0
index_21294,5.0
index_21295,3.0
index_21296,4.0
index_21297,2.0
index_21298,5.0
index_21299,3.0
index_21300,1.0
index_21301,4.0
index_21302,1.0
index_21303,2.0
index_21304,5.0
index_21305,1.0
index_21306,3.0
index_21307,2.0
index_21308,2.0
index_21309,4.0
index_21310,5.0
index_21311,2.0
index_21312,5.0
index_21313,4.0
index_21314,3.0
index_21315,2.0
index_21316,1.0
index_21317,2.0
index_21318,4.0
index_21319,3.0
index_21320,3.0
index_21321,5.0
index_21322,2.0
index_21323,3.0
index_21324,4.0
index_21325,5.0
index_21326,4.0
index_21327,4.0
index_21328,1.0
index_21329,2.0
index_21330,3.0
index_21331,4.0
index_21332,1.0
index_21333,3.0
index_21334,2.0
index_21335,1.0
index_21336,4.0
index_21337,2.0
index_21338,1.0
index_21339,4.0
index_21340,1.0
index_21341,2.0
index_21342,5.0
index_21343,5.0
index_21344,5.0
index_21345,3.0
index_21346,5.0
index_21347,2.0
index_21348,3.0
index_21349,1.0
index_21350,2.0
index_21351,2.0
index_21352,5.0
index_21353,5.0
index_21354,3.0
index_21355,2.0
index_21356,5.0
index_21357,3.0
index_21358,5.0
index_21359,3.0
index_21360,1.0
index_21361,5.0
index_21362,1.0
index_21363,1.0
index_21364,1.0
index_21365,1.0
index_21366,3.0
index_21367,3.0
index_21368,1.0
index_21369,2.0
index_21370,5.0
index_21371,5.0
index_21372,1.0
index_21373,5.0
index_21374,1.0
index_21375,4.0
index_21376,4.0
index_21377,3.0
index_21378,1.0
index_21379,3.0
index_21380,2.0
index_21381,2.0
index_21382,4.0
index_21383,1.0
index_21384,5.0
index_21385,3.0
index_21386,5.0
index_21387,3.0
index_21388,1.0
index_21389,5.0
index_21390,4.0
index_21391,1.0
index_21392,2.0
index_21393,4.0
index_21394,2.0
index_21395,1.0
index_21396,5.0
index_21397,4.0
index_21398,1.0
index_21399,4.0
index_21400,4.0
index_21401,3.0
index_21402,3.0
index_21403,1.0
index_21404,2.0
index_21405,2.0
index_21406,5.0
index_21407,4.0
index_21408,2.0
index_21409,3.0
index_21410,2.0
index_21411,1.0
index_21412,2.0
index_21413,3.0
index_21414,2.0
index_21415,3.0
index_21416,3.0
index_21417,4.0
index_21418,5.0
index_21419,2.0
index_21420,3.0
index_21421,2.0
index_21422,5.0
index_21423,3.0
index_21424,1.0
index_21425,5.0
index_21426,4.0
index_21427,5.0
index_21428,3.0
index_21429,5.0
index_21430,1.0
index_21431,5.0
index_21432,5.0
index_21433,5.0
index_21434,3.0
index_21435,1.0
index_21436,1.0
index_21437,1.0
index_21438,1.0
index_21439,4.0
index_21440,3.0
index_21441,1.0
index_21442,3.0
index_21443,2.0
index_21444,4.0
index_21445,3.0
index_21446,3.0
index_21447,1.0
index_21448,2.0
index_21449,3.0
index_21450,3.0
index_21451,3.0
index_21452,5.0
index_21453,2.0
index_21454,1.0
index_21455,2.0
index_21456,1.0
index_21457,3.0
index_21458,4.0
index_21459,2.0
index_21460,1.0
index_21461,5.0
index_21462,3.0
index_21463,3.0
index_21464,5.0
index_21465,1.0
index_21466,1.0
index_21467,5.0
index_21468,4.0
index_21469,5.0
index_21470,3.0
index_21471,2.0
index_21472,2.0
index_21473,4.0
index_21474,1.0
index_21475,4.0
index_21476,2.0
index_21477,1.0
index_21478,1.0
index_21479,4.0
index_21480,5.0
index_21481,5.0
index_21482,5.0
index_21483,1.0
index_21484,1.0
index_21485,2.0
index_21486,4.0
index_21487,5.0
index_21488,1.0
index_21489,1.0
index_21490,5.0
index_21491,1.0
index_21492,2.0
index_21493,1.0
index_21494,2.0
index_21495,5.0
index_21496,3.0
index_21497,2.0
index_21498,4.0
index_21499,3.0
index_21500,4.0
index_21501,5.0
index_21502,2.0
index_21503,3.0
index_21504,5.0
index_21505,5.0
index_21506,5.0
index_21507,5.0
index_21508,4.0
index_21509,2.0
index_21510,1.0
index_21511,4.0
index_21512,1.0
index_21513,2.0
index_21514,4.0
index_21515,2.0
index_21516,2.0
index_21517,5.0
index_21518,2.0
index_21519,1.0
index_21520,4.0
index_21521,3.0
index_21522,3.0
index_21523,1.0
index_21524,3.0
index_21525,5.0
index_21526,1.0
index_21527,5.0
index_21528,5.0
index_21529,1.0
index_21530,1.0
index_21531,5.0
index_21532,4.0
index_21533,3.0
index_21534,3.0
index_21535,3.0
index_21536,5.0
index_21537,5.0
index_21538,5.0
index_21539,3.0
index_21540,5.0
index_21541,4.0
index_21542,3.0
index_21543,3.0
index_21544,3.0
index_21545,2.0
index_21546,1.0
index_21547,2.0
index_21548,4.0
index_21549,1.0
index_21550,2.0
index_21551,2.0
index_21552,3.0
index_21553,2.0
index_21554,3.0
index_21555,3.0
index_21556,3.0
index_21557,2.0
index_21558,4.0
index_21559,5.0
index_21560,4.0
index_21561,1.0
index_21562,3.0
index_21563,4.0
index_21564,2.0
index_21565,1.0
index_21566,3.0
index_21567,5.0
index_21568,5.0
index_21569,2.0
index_21570,3.0
index_21571,1.0
index_21572,5.0
index_21573,1.0
index_21574,4.0
index_21575,2.0
index_21576,1.0
index_21577,1.0
index_21578,2.0
index_21579,3.0
index_21580,1.0
index_21581,4.0
index_21582,1.0
index_21583,5.0
index_21584,5.0
index_21585,2.0
index_21586,5.0
index_21587,1.0
index_21588,1.0
index_21589,5.0
index_21590,3.0
index_21591,5.0
index_21592,1.0
index_21593,4.0
index_21594,1.0
index_21595,2.0
index_21596,1.0
index_21597,1.0
index_21598,4.0
index_21599,2.0
index_21600,1.0
index_21601,3.0
index_21602,2.0
index_21603,3.0
index_21604,2.0
index_21605,4.0
index_21606,1.0
index_21607,4.0
index_21608,2.0
index_21609,3.0
index_21610,5.0
index_21611,2.0
index_21612,1.0
index_21613,4.0
index_21614,2.0
index_21615,1.0
index_21616,2.0
index_21617,3.0
index_21618,1.0
index_21619,3.0
index_21620,5.0
index_21621,1.0
index_21622,3.0
index_21623,3.0
index_21624,4.0
index_21625,4.0
index_21626,2.0
index_21627,1.0
index_21628,3.0
index_21629,5.0
index_21630,5.0
index_21631,2.0
index_21632,5.0
index_21633,5.0
index_21634,1.0
index_21635,3.0
index_21636,2.0
index_21637,3.0
index_21638,3.0
index_21639,4.0
index_21640,4.0
index_21641,3.0
index_21642,2.0
index_21643,2.0
index_21644,5.0
index_21645,4.0
index_21646,2.0
index_21647,2.0
index_21648,5.0
index_21649,3.0
index_21650,4.0
index_21651,4.0
index_21652,4.0
index_21653,3.0
index_21654,3.0
index_21655,3.0
index_21656,1.0
index_21657,1.0
index_21658,1.0
index_21659,1.0
index_21660,5.0
index_21661,4.0
index_21662,4.0
index_21663,5.0
index_21664,3.0
index_21665,1.0
index_21666,3.0
index_21667,1.0
index_21668,1.0
index_21669,3.0
index_21670,5.0
index_21671,5.0
index_21672,2.0
index_21673,5.0
index_21674,4.0
index_21675,3.0
index_21676,3.0
index_21677,3.0
index_21678,1.0
index_21679,1.0
index_21680,1.0
index_21681,1.0
index_21682,1.0
index_21683,2.0
index_21684,1.0
index_21685,5.0
index_21686,3.0
index_21687,3.0
index_21688,3.0
index_21689,1.0
index_21690,2.0
index_21691,1.0
index_21692,2.0
index_21693,5.0
index_21694,5.0
index_21695,3.0
index_21696,4.0
index_21697,1.0
index_21698,2.0
index_21699,3.0
index_21700,1.0
index_21701,1.0
index_21702,1.0
index_21703,4.0
index_21704,5.0
index_21705,3.0
index_21706,5.0
index_21707,2.0
index_21708,5.0
index_21709,2.0
index_21710,2.0
index_21711,3.0
index_21712,5.0
index_21713,3.0
index_21714,3.0
index_21715,5.0
index_21716,2.0
index_21717,3.0
index_21718,5.0
index_21719,5.0
index_21720,5.0
index_21721,5.0
index_21722,1.0
index_21723,3.0
index_21724,1.0
index_21725,3.0
index_21726,3.0
index_21727,1.0
index_21728,3.0
index_21729,5.0
index_21730,4.0
index_21731,3.0
index_21732,2.0
index_21733,1.0
index_21734,2.0
index_21735,2.0
index_21736,2.0
index_21737,3.0
index_21738,1.0
index_21739,2.0
index_21740,5.0
index_21741,5.0
index_21742,2.0
index_21743,3.0
index_21744,1.0
index_21745,3.0
index_21746,1.0
index_21747,4.0
index_21748,3.0
index_21749,1.0
index_21750,3.0
index_21751,1.0
index_21752,4.0
index_21753,5.0
index_21754,1.0
index_21755,5.0
index_21756,4.0
index_21757,5.0
index_21758,5.0
index_21759,4.0
index_21760,5.0
index_21761,3.0
index_21762,1.0
index_21763,3.0
index_21764,3.0
index_21765,1.0
index_21766,3.0
index_21767,5.0
index_21768,1.0
index_21769,3.0
index_21770,5.0
index_21771,3.0
index_21772,2.0
index_21773,3.0
index_21774,2.0
index_21775,5.0
index_21776,4.0
index_21777,5.0
index_21778,5.0
index_21779,3.0
index_21780,5.0
index_21781,5.0
index_21782,5.0
index_21783,2.0
index_21784,1.0
index_21785,2.0
index_21786,5.0
index_21787,2.0
index_21788,1.0
index_21789,3.0
index_21790,3.0
index_21791,3.0
index_21792,1.0
index_21793,5.0
index_21794,5.0
index_21795,2.0
index_21796,1.0
index_21797,5.0
index_21798,3.0
index_21799,2.0
index_21800,2.0
index_21801,3.0
index_21802,1.0
index_21803,2.0
index_21804,3.0
index_21805,2.0
index_21806,4.0
index_21807,2.0
index_21808,3.0
index_21809,2.0
index_21810,1.0
index_21811,5.0
index_21812,2.0
index_21813,1.0
index_21814,5.0
index_21815,1.0
index_21816,3.0
index_21817,2.0
index_21818,2.0
index_21819,4.0
index_21820,3.0
index_21821,1.0
index_21822,1.0
index_21823,5.0
index_21824,1.0
index_21825,3.0
index_21826,5.0
index_21827,2.0
index_21828,4.0
index_21829,3.0
index_21830,2.0
index_21831,2.0
index_21832,3.0
index_21833,5.0
index_21834,4.0
index_21835,4.0
index_21836,5.0
index_21837,1.0
index_21838,1.0
index_21839,5.0
index_21840,2.0
index_21841,4.0
index_21842,4.0
index_21843,2.0
index_21844,5.0
index_21845,5.0
index_21846,4.0
index_21847,3.0
index_21848,3.0
index_21849,3.0
index_21850,1.0
index_21851,1.0
index_21852,1.0
index_21853,2.0
index_21854,1.0
index_21855,2.0
index_21856,2.0
index_21857,2.0
index_21858,4.0
index_21859,3.0
index_21860,5.0
index_21861,4.0
index_21862,4.0
index_21863,3.0
index_21864,1.0
index_21865,4.0
index_21866,2.0
index_21867,2.0
index_21868,4.0
index_21869,1.0
index_21870,5.0
index_21871,2.0
index_21872,1.0
index_21873,3.0
index_21874,5.0
index_21875,3.0
index_21876,5.0
index_21877,1.0
index_21878,5.0
index_21879,4.0
index_21880,2.0
index_21881,1.0
index_21882,1.0
index_21883,2.0
index_21884,5.0
index_21885,2.0
index_21886,2.0
index_21887,4.0
index_21888,4.0
index_21889,3.0
index_21890,3.0
index_21891,2.0
index_21892,2.0
index_21893,3.0
index_21894,3.0
index_21895,1.0
index_21896,1.0
index_21897,1.0
index_21898,1.0
index_21899,1.0
index_21900,1.0
index_21901,4.0
index_21902,1.0
index_21903,2.0
index_21904,3.0
index_21905,5.0
index_21906,2.0
index_21907,2.0
index_21908,2.0
index_21909,5.0
index_21910,2.0
index_21911,5.0
index_21912,3.0
index_21913,5.0
index_21914,1.0
index_21915,3.0
index_21916,3.0
index_21917,2.0
index_21918,5.0
index_21919,4.0
index_21920,5.0
index_21921,1.0
index_21922,2.0
index_21923,5.0
index_21924,3.0
index_21925,2.0
index_21926,3.0
index_21927,1.0
index_21928,1.0
index_21929,4.0
index_21930,3.0
index_21931,3.0
index_21932,1.0
index_21933,5.0
index_21934,3.0
index_21935,1.0
index_21936,5.0
index_21937,3.0
index_21938,3.0
index_21939,3.0
index_21940,2.0
index_21941,5.0
index_21942,4.0
index_21943,5.0
index_21944,4.0
index_21945,3.0
index_21946,3.0
index_21947,5.0
index_21948,4.0
index_21949,5.0
index_21950,1.0
index_21951,2.0
index_21952,1.0
index_21953,1.0
index_21954,2.0
index_21955,3.0
index_21956,3.0
index_21957,1.0
index_21958,1.0
index_21959,2.0
index_21960,5.0
index_21961,4.0
index_21962,2.0
index_21963,2.0
index_21964,3.0
index_21965,5.0
index_21966,5.0
index_21967,2.0
index_21968,1.0
index_21969,5.0
index_21970,3.0
index_21971,1.0
index_21972,5.0
index_21973,5.0
index_21974,5.0
index_21975,5.0
index_21976,2.0
index_21977,3.0
index_21978,2.0
index_21979,5.0
index_21980,5.0
index_21981,5.0
index_21982,1.0
index_21983,2.0
index_21984,5.0
index_21985,1.0
index_21986,2.0
index_21987,3.0
index_21988,1.0
index_21989,5.0
index_21990,1.0
index_21991,4.0
index_21992,2.0
index_21993,2.0
index_21994,2.0
index_21995,5.0
index_21996,5.0
index_21997,3.0
index_21998,2.0
index_21999,2.0
index_22000,2.0
index_22001,2.0
index_22002,5.0
index_22003,3.0
index_22004,5.0
index_22005,1.0
index_22006,2.0
index_22007,4.0
index_22008,4.0
index_22009,2.0
index_22010,3.0
index_22011,2.0
index_22012,4.0
index_22013,2.0
index_22014,5.0
index_22015,5.0
index_22016,3.0
index_22017,5.0
index_22018,2.0
index_22019,4.0
index_22020,1.0
index_22021,5.0
index_22022,2.0
index_22023,3.0
index_22024,2.0
index_22025,5.0
index_22026,5.0
index_22027,3.0
index_22028,5.0
index_22029,4.0
index_22030,5.0
index_22031,4.0
index_22032,5.0
index_22033,2.0
index_22034,1.0
index_22035,1.0
index_22036,5.0
index_22037,1.0
index_22038,3.0
index_22039,1.0
index_22040,4.0
index_22041,3.0
index_22042,3.0
index_22043,4.0
index_22044,3.0
index_22045,1.0
index_22046,1.0
index_22047,2.0
index_22048,2.0
index_22049,2.0
index_22050,3.0
index_22051,1.0
index_22052,1.0
index_22053,4.0
index_22054,5.0
index_22055,4.0
index_22056,2.0
index_22057,2.0
index_22058,5.0
index_22059,4.0
index_22060,3.0
index_22061,2.0
index_22062,3.0
index_22063,3.0
index_22064,5.0
index_22065,3.0
index_22066,1.0
index_22067,1.0
index_22068,5.0
index_22069,3.0
index_22070,1.0
index_22071,1.0
index_22072,1.0
index_22073,4.0
index_22074,2.0
index_22075,1.0
index_22076,2.0
index_22077,2.0
index_22078,3.0
index_22079,2.0
index_22080,5.0
index_22081,3.0
index_22082,2.0
index_22083,3.0
index_22084,3.0
index_22085,1.0
index_22086,4.0
index_22087,4.0
index_22088,3.0
index_22089,4.0
index_22090,5.0
index_22091,2.0
index_22092,3.0
index_22093,2.0
index_22094,4.0
index_22095,4.0
index_22096,4.0
index_22097,5.0
index_22098,3.0
index_22099,2.0
index_22100,5.0
index_22101,1.0
index_22102,3.0
index_22103,2.0
index_22104,3.0
index_22105,3.0
index_22106,4.0
index_22107,1.0
index_22108,1.0
index_22109,3.0
index_22110,1.0
index_22111,2.0
index_22112,5.0
index_22113,4.0
index_22114,2.0
index_22115,4.0
index_22116,1.0
index_22117,5.0
index_22118,5.0
index_22119,3.0
index_22120,4.0
index_22121,3.0
index_22122,5.0
index_22123,5.0
index_22124,4.0
index_22125,2.0
index_22126,1.0
index_22127,2.0
index_22128,2.0
index_22129,2.0
index_22130,3.0
index_22131,4.0
index_22132,1.0
index_22133,1.0
index_22134,4.0
index_22135,3.0
index_22136,2.0
index_22137,1.0
index_22138,2.0
index_22139,4.0
index_22140,3.0
index_22141,5.0
index_22142,3.0
index_22143,4.0
index_22144,1.0
index_22145,5.0
index_22146,4.0
index_22147,3.0
index_22148,3.0
index_22149,3.0
index_22150,1.0
index_22151,4.0
index_22152,4.0
index_22153,1.0
index_22154,4.0
index_22155,2.0
index_22156,5.0
index_22157,5.0
index_22158,2.0
index_22159,4.0
index_22160,3.0
index_22161,4.0
index_22162,2.0
index_22163,5.0
index_22164,5.0
index_22165,2.0
index_22166,5.0
index_22167,1.0
index_22168,5.0
index_22169,2.0
index_22170,3.0
index_22171,5.0
index_22172,1.0
index_22173,5.0
index_22174,4.0
index_22175,2.0
index_22176,5.0
index_22177,3.0
index_22178,4.0
index_22179,5.0
index_22180,4.0
index_22181,5.0
index_22182,1.0
index_22183,1.0
index_22184,3.0
index_22185,5.0
index_22186,4.0
index_22187,2.0
index_22188,3.0
index_22189,5.0
index_22190,4.0
index_22191,3.0
index_22192,3.0
index_22193,1.0
index_22194,2.0
index_22195,3.0
index_22196,2.0
index_22197,4.0
index_22198,5.0
index_22199,3.0
index_22200,2.0
index_22201,2.0
index_22202,5.0
index_22203,3.0
index_22204,2.0
index_22205,2.0
index_22206,1.0
index_22207,5.0
index_22208,1.0
index_22209,1.0
index_22210,2.0
index_22211,2.0
index_22212,1.0
index_22213,2.0
index_22214,3.0
index_22215,4.0
index_22216,3.0
index_22217,4.0
index_22218,4.0
index_22219,1.0
index_22220,2.0
index_22221,2.0
index_22222,2.0
index_22223,1.0
index_22224,5.0
index_22225,2.0
index_22226,3.0
index_22227,5.0
index_22228,4.0
index_22229,4.0
index_22230,3.0
index_22231,5.0
index_22232,5.0
index_22233,5.0
index_22234,1.0
index_22235,4.0
index_22236,2.0
index_22237,3.0
index_22238,2.0
index_22239,2.0
index_22240,1.0
index_22241,2.0
index_22242,3.0
index_22243,3.0
index_22244,4.0
index_22245,4.0
index_22246,3.0
index_22247,2.0
index_22248,2.0
index_22249,1.0
index_22250,1.0
index_22251,4.0
index_22252,2.0
index_22253,5.0
index_22254,5.0
index_22255,1.0
index_22256,2.0
index_22257,5.0
index_22258,4.0
index_22259,1.0
index_22260,2.0
index_22261,2.0
index_22262,2.0
index_22263,4.0
index_22264,4.0
index_22265,5.0
index_22266,3.0
index_22267,3.0
index_22268,5.0
index_22269,4.0
index_22270,1.0
index_22271,1.0
index_22272,1.0
index_22273,3.0
index_22274,2.0
index_22275,4.0
index_22276,3.0
index_22277,2.0
index_22278,5.0
index_22279,1.0
index_22280,3.0
index_22281,3.0
index_22282,5.0
index_22283,3.0
index_22284,5.0
index_22285,3.0
index_22286,1.0
index_22287,3.0
index_22288,1.0
index_22289,2.0
index_22290,2.0
index_22291,5.0
index_22292,3.0
index_22293,1.0
index_22294,5.0
index_22295,3.0
index_22296,1.0
index_22297,3.0
index_22298,1.0
index_22299,5.0
index_22300,1.0
index_22301,4.0
index_22302,1.0
index_22303,3.0
index_22304,4.0
index_22305,2.0
index_22306,4.0
index_22307,5.0
index_22308,3.0
index_22309,2.0
index_22310,2.0
index_22311,3.0
index_22312,4.0
index_22313,3.0
index_22314,1.0
index_22315,2.0
index_22316,3.0
index_22317,2.0
index_22318,5.0
index_22319,4.0
index_22320,5.0
index_22321,1.0
index_22322,4.0
index_22323,2.0
index_22324,1.0
index_22325,3.0
index_22326,5.0
index_22327,2.0
index_22328,2.0
index_22329,4.0
index_22330,2.0
index_22331,5.0
index_22332,5.0
index_22333,5.0
index_22334,3.0
index_22335,1.0
index_22336,4.0
index_22337,2.0
index_22338,1.0
index_22339,1.0
index_22340,1.0
index_22341,2.0
index_22342,3.0
index_22343,3.0
index_22344,3.0
index_22345,4.0
index_22346,3.0
index_22347,1.0
index_22348,2.0
index_22349,1.0
index_22350,5.0
index_22351,2.0
index_22352,5.0
index_22353,5.0
index_22354,1.0
index_22355,4.0
index_22356,2.0
index_22357,3.0
index_22358,5.0
index_22359,1.0
index_22360,3.0
index_22361,1.0
index_22362,1.0
index_22363,3.0
index_22364,4.0
index_22365,4.0
index_22366,1.0
index_22367,2.0
index_22368,2.0
index_22369,2.0
index_22370,2.0
index_22371,1.0
index_22372,3.0
index_22373,2.0
index_22374,4.0
index_22375,3.0
index_22376,4.0
index_22377,4.0
index_22378,5.0
index_22379,3.0
index_22380,5.0
index_22381,4.0
index_22382,5.0
index_22383,2.0
index_22384,3.0
index_22385,3.0
index_22386,2.0
index_22387,5.0
index_22388,5.0
index_22389,5.0
index_22390,1.0
index_22391,3.0
index_22392,3.0
index_22393,3.0
index_22394,1.0
index_22395,5.0
index_22396,2.0
index_22397,5.0
index_22398,3.0
index_22399,3.0
index_22400,1.0
index_22401,5.0
index_22402,3.0
index_22403,3.0
index_22404,1.0
index_22405,4.0
index_22406,1.0
index_22407,2.0
index_22408,5.0
index_22409,4.0
index_22410,5.0
index_22411,5.0
index_22412,5.0
index_22413,1.0
index_22414,4.0
index_22415,1.0
index_22416,5.0
index_22417,3.0
index_22418,4.0
index_22419,4.0
index_22420,5.0
index_22421,3.0
index_22422,2.0
index_22423,5.0
index_22424,5.0
index_22425,2.0
index_22426,3.0
index_22427,3.0
index_22428,5.0
index_22429,1.0
index_22430,1.0
index_22431,4.0
index_22432,3.0
index_22433,2.0
index_22434,5.0
index_22435,3.0
index_22436,1.0
index_22437,5.0
index_22438,2.0
index_22439,1.0
index_22440,5.0
index_22441,5.0
index_22442,2.0
index_22443,4.0
index_22444,1.0
index_22445,5.0
index_22446,3.0
index_22447,2.0
index_22448,3.0
index_22449,1.0
index_22450,2.0
index_22451,1.0
index_22452,2.0
index_22453,1.0
index_22454,5.0
index_22455,3.0
index_22456,1.0
index_22457,2.0
index_22458,2.0
index_22459,1.0
index_22460,4.0
index_22461,4.0
index_22462,2.0
index_22463,3.0
index_22464,2.0
index_22465,1.0
index_22466,5.0
index_22467,1.0
index_22468,1.0
index_22469,4.0
index_22470,3.0
index_22471,4.0
index_22472,4.0
index_22473,2.0
index_22474,4.0
index_22475,3.0
index_22476,5.0
index_22477,5.0
index_22478,3.0
index_22479,5.0
index_22480,2.0
index_22481,1.0
index_22482,5.0
index_22483,2.0
index_22484,1.0
index_22485,2.0
index_22486,2.0
index_22487,3.0
index_22488,4.0
index_22489,3.0
index_22490,1.0
index_22491,3.0
index_22492,3.0
index_22493,2.0
index_22494,1.0
index_22495,1.0
index_22496,3.0
index_22497,5.0
index_22498,3.0
index_22499,1.0
index_22500,1.0
index_22501,2.0
index_22502,2.0
index_22503,2.0
index_22504,2.0
index_22505,4.0
index_22506,1.0
index_22507,1.0
index_22508,1.0
index_22509,2.0
index_22510,5.0
index_22511,1.0
index_22512,4.0
index_22513,3.0
index_22514,3.0
index_22515,2.0
index_22516,2.0
index_22517,3.0
index_22518,3.0
index_22519,1.0
index_22520,4.0
index_22521,4.0
index_22522,1.0
index_22523,2.0
index_22524,5.0
index_22525,2.0
index_22526,1.0
index_22527,3.0
index_22528,2.0
index_22529,3.0
index_22530,1.0
index_22531,2.0
index_22532,1.0
index_22533,1.0
index_22534,3.0
index_22535,3.0
index_22536,1.0
index_22537,1.0
index_22538,5.0
index_22539,1.0
index_22540,4.0
index_22541,4.0
index_22542,3.0
index_22543,5.0
index_22544,3.0
index_22545,3.0
index_22546,2.0
index_22547,1.0
index_22548,2.0
index_22549,2.0
index_22550,5.0
index_22551,2.0
index_22552,3.0
index_22553,3.0
index_22554,5.0
index_22555,3.0
index_22556,5.0
index_22557,2.0
index_22558,1.0
index_22559,5.0
index_22560,4.0
index_22561,5.0
index_22562,5.0
index_22563,3.0
index_22564,1.0
index_22565,1.0
index_22566,3.0
index_22567,1.0
index_22568,5.0
index_22569,2.0
index_22570,1.0
index_22571,3.0
index_22572,2.0
index_22573,1.0
index_22574,1.0
index_22575,1.0
index_22576,3.0
index_22577,5.0
index_22578,1.0
index_22579,2.0
index_22580,4.0
index_22581,4.0
index_22582,4.0
index_22583,4.0
index_22584,1.0
index_22585,5.0
index_22586,2.0
index_22587,3.0
index_22588,2.0
index_22589,1.0
index_22590,1.0
index_22591,5.0
index_22592,3.0
index_22593,5.0
index_22594,5.0
index_22595,3.0
index_22596,2.0
index_22597,1.0
index_22598,1.0
index_22599,1.0
index_22600,4.0
index_22601,4.0
index_22602,1.0
index_22603,1.0
index_22604,4.0
index_22605,3.0
index_22606,1.0
index_22607,3.0
index_22608,5.0
index_22609,1.0
index_22610,1.0
index_22611,4.0
index_22612,1.0
index_22613,5.0
index_22614,2.0
index_22615,2.0
index_22616,5.0
index_22617,2.0
index_22618,3.0
index_22619,3.0
index_22620,4.0
index_22621,1.0
index_22622,5.0
index_22623,1.0
index_22624,2.0
index_22625,2.0
index_22626,1.0
index_22627,3.0
index_22628,1.0
index_22629,1.0
index_22630,5.0
index_22631,3.0
index_22632,2.0
index_22633,2.0
index_22634,3.0
index_22635,1.0
index_22636,4.0
index_22637,1.0
index_22638,4.0
index_22639,1.0
index_22640,2.0
index_22641,2.0
index_22642,4.0
index_22643,1.0
index_22644,2.0
index_22645,3.0
index_22646,3.0
index_22647,4.0
index_22648,2.0
index_22649,2.0
index_22650,2.0
index_22651,5.0
index_22652,4.0
index_22653,2.0
index_22654,4.0
index_22655,2.0
index_22656,3.0
index_22657,2.0
index_22658,3.0
index_22659,5.0
index_22660,2.0
index_22661,5.0
index_22662,3.0
index_22663,1.0
index_22664,3.0
index_22665,4.0
index_22666,4.0
index_22667,5.0
index_22668,5.0
index_22669,2.0
index_22670,1.0
index_22671,3.0
index_22672,3.0
index_22673,3.0
index_22674,2.0
index_22675,1.0
index_22676,5.0
index_22677,5.0
index_22678,2.0
index_22679,3.0
index_22680,5.0
index_22681,1.0
index_22682,4.0
index_22683,4.0
index_22684,4.0
index_22685,2.0
index_22686,3.0
index_22687,3.0
index_22688,2.0
index_22689,4.0
index_22690,5.0
index_22691,4.0
index_22692,4.0
index_22693,1.0
index_22694,4.0
index_22695,1.0
index_22696,2.0
index_22697,3.0
index_22698,3.0
index_22699,2.0
index_22700,5.0
index_22701,3.0
index_22702,2.0
index_22703,5.0
index_22704,5.0
index_22705,3.0
index_22706,1.0
index_22707,4.0
index_22708,4.0
index_22709,4.0
index_22710,3.0
index_22711,1.0
index_22712,3.0
index_22713,2.0
index_22714,4.0
index_22715,4.0
index_22716,3.0
index_22717,5.0
index_22718,5.0
index_22719,1.0
index_22720,4.0
index_22721,4.0
index_22722,3.0
index_22723,5.0
index_22724,5.0
index_22725,5.0
index_22726,2.0
index_22727,5.0
index_22728,4.0
index_22729,5.0
index_22730,4.0
index_22731,2.0
index_22732,5.0
index_22733,1.0
index_22734,4.0
index_22735,2.0
index_22736,1.0
index_22737,4.0
index_22738,1.0
index_22739,1.0
index_22740,3.0
index_22741,1.0
index_22742,3.0
index_22743,2.0
index_22744,3.0
index_22745,2.0
index_22746,1.0
index_22747,5.0
index_22748,2.0
index_22749,2.0
index_22750,3.0
index_22751,5.0
index_22752,4.0
index_22753,2.0
index_22754,1.0
index_22755,1.0
index_22756,5.0
index_22757,4.0
index_22758,1.0
index_22759,5.0
index_22760,4.0
index_22761,1.0
index_22762,3.0
index_22763,5.0
index_22764,3.0
index_22765,4.0
index_22766,5.0
index_22767,5.0
index_22768,4.0
index_22769,3.0
index_22770,4.0
index_22771,1.0
index_22772,2.0
index_22773,5.0
index_22774,4.0
index_22775,3.0
index_22776,5.0
index_22777,3.0
index_22778,5.0
index_22779,5.0
index_22780,1.0
index_22781,1.0
index_22782,5.0
index_22783,1.0
index_22784,5.0
index_22785,1.0
index_22786,4.0
index_22787,5.0
index_22788,3.0
index_22789,1.0
index_22790,2.0
index_22791,2.0
index_22792,4.0
index_22793,5.0
index_22794,2.0
index_22795,2.0
index_22796,5.0
index_22797,1.0
index_22798,3.0
index_22799,3.0
index_22800,2.0
index_22801,4.0
index_22802,1.0
index_22803,3.0
index_22804,4.0
index_22805,4.0
index_22806,5.0
index_22807,4.0
index_22808,4.0
index_22809,1.0
index_22810,3.0
index_22811,5.0
index_22812,5.0
index_22813,1.0
index_22814,5.0
index_22815,3.0
index_22816,3.0
index_22817,1.0
index_22818,3.0
index_22819,4.0
index_22820,5.0
index_22821,1.0
index_22822,4.0
index_22823,2.0
index_22824,3.0
index_22825,5.0
index_22826,1.0
index_22827,3.0
index_22828,1.0
index_22829,2.0
index_22830,5.0
index_22831,3.0
index_22832,3.0
index_22833,4.0
index_22834,5.0
index_22835,5.0
index_22836,5.0
index_22837,3.0
index_22838,3.0
index_22839,1.0
index_22840,3.0
index_22841,2.0
index_22842,3.0
index_22843,2.0
index_22844,3.0
index_22845,4.0
index_22846,1.0
index_22847,4.0
index_22848,1.0
index_22849,4.0
index_22850,3.0
index_22851,2.0
index_22852,4.0
index_22853,5.0
index_22854,2.0
index_22855,3.0
index_22856,2.0
index_22857,2.0
index_22858,5.0
index_22859,5.0
index_22860,1.0
index_22861,3.0
index_22862,4.0
index_22863,5.0
index_22864,5.0
index_22865,3.0
index_22866,4.0
index_22867,1.0
index_22868,3.0
index_22869,3.0
index_22870,3.0
index_22871,3.0
index_22872,2.0
index_22873,3.0
index_22874,5.0
index_22875,1.0
index_22876,5.0
index_22877,2.0
index_22878,2.0
index_22879,3.0
index_22880,3.0
index_22881,1.0
index_22882,2.0
index_22883,3.0
index_22884,5.0
index_22885,5.0
index_22886,1.0
index_22887,1.0
index_22888,1.0
index_22889,4.0
index_22890,1.0
index_22891,2.0
index_22892,5.0
index_22893,1.0
index_22894,1.0
index_22895,2.0
index_22896,2.0
index_22897,4.0
index_22898,2.0
index_22899,3.0
index_22900,4.0
index_22901,1.0
index_22902,4.0
index_22903,2.0
index_22904,4.0
index_22905,3.0
index_22906,5.0
index_22907,3.0
index_22908,1.0
index_22909,1.0
index_22910,3.0
index_22911,1.0
index_22912,5.0
index_22913,3.0
index_22914,5.0
index_22915,3.0
index_22916,3.0
index_22917,3.0
index_22918,3.0
index_22919,5.0
index_22920,5.0
index_22921,3.0
index_22922,5.0
index_22923,2.0
index_22924,3.0
index_22925,5.0
index_22926,5.0
index_22927,2.0
index_22928,3.0
index_22929,2.0
index_22930,1.0
index_22931,2.0
index_22932,1.0
index_22933,1.0
index_22934,2.0
index_22935,2.0
index_22936,3.0
index_22937,3.0
index_22938,1.0
index_22939,4.0
index_22940,2.0
index_22941,4.0
index_22942,5.0
index_22943,4.0
index_22944,1.0
index_22945,5.0
index_22946,3.0
index_22947,3.0
index_22948,4.0
index_22949,2.0
index_22950,1.0
index_22951,5.0
index_22952,4.0
index_22953,2.0
index_22954,5.0
index_22955,4.0
index_22956,5.0
index_22957,1.0
index_22958,5.0
index_22959,5.0
index_22960,4.0
index_22961,2.0
index_22962,2.0
index_22963,3.0
index_22964,3.0
index_22965,3.0
index_22966,4.0
index_22967,2.0
index_22968,3.0
index_22969,3.0
index_22970,1.0
index_22971,4.0
index_22972,2.0
index_22973,3.0
index_22974,4.0
index_22975,2.0
index_22976,3.0
index_22977,5.0
index_22978,5.0
index_22979,4.0
index_22980,3.0
index_22981,1.0
index_22982,1.0
index_22983,5.0
index_22984,4.0
index_22985,5.0
index_22986,5.0
index_22987,1.0
index_22988,1.0
index_22989,3.0
index_22990,3.0
index_22991,5.0
index_22992,1.0
index_22993,3.0
index_22994,3.0
index_22995,3.0
index_22996,1.0
index_22997,5.0
index_22998,2.0
index_22999,3.0
index_23000,3.0
index_23001,1.0
index_23002,5.0
index_23003,3.0
index_23004,1.0
index_23005,4.0
index_23006,5.0
index_23007,2.0
index_23008,5.0
index_23009,2.0
index_23010,1.0
index_23011,5.0
index_23012,3.0
index_23013,3.0
index_23014,1.0
index_23015,5.0
index_23016,3.0
index_23017,4.0
index_23018,3.0
index_23019,5.0
index_23020,1.0
index_23021,4.0
index_23022,5.0
index_23023,1.0
index_23024,2.0
index_23025,3.0
index_23026,4.0
index_23027,5.0
index_23028,3.0
index_23029,5.0
index_23030,2.0
index_23031,5.0
index_23032,1.0
index_23033,2.0
index_23034,1.0
index_23035,1.0
index_23036,5.0
index_23037,1.0
index_23038,5.0
index_23039,3.0
index_23040,2.0
index_23041,4.0
index_23042,1.0
index_23043,5.0
index_23044,3.0
index_23045,5.0
index_23046,3.0
index_23047,5.0
index_23048,3.0
index_23049,3.0
index_23050,2.0
index_23051,5.0
index_23052,5.0
index_23053,2.0
index_23054,5.0
index_23055,2.0
index_23056,5.0
index_23057,1.0
index_23058,2.0
index_23059,1.0
index_23060,2.0
index_23061,5.0
index_23062,3.0
index_23063,3.0
index_23064,4.0
index_23065,4.0
index_23066,5.0
index_23067,5.0
index_23068,2.0
index_23069,2.0
index_23070,5.0
index_23071,2.0
index_23072,3.0
index_23073,2.0
index_23074,3.0
index_23075,3.0
index_23076,2.0
index_23077,1.0
index_23078,5.0
index_23079,4.0
index_23080,5.0
index_23081,5.0
index_23082,4.0
index_23083,2.0
index_23084,3.0
index_23085,3.0
index_23086,1.0
index_23087,1.0
index_23088,1.0
index_23089,1.0
index_23090,3.0
index_23091,1.0
index_23092,1.0
index_23093,5.0
index_23094,2.0
index_23095,1.0
index_23096,5.0
index_23097,1.0
index_23098,5.0
index_23099,1.0
index_23100,1.0
index_23101,2.0
index_23102,2.0
index_23103,5.0
index_23104,2.0
index_23105,2.0
index_23106,1.0
index_23107,3.0
index_23108,2.0
index_23109,1.0
index_23110,2.0
index_23111,2.0
index_23112,1.0
index_23113,5.0
index_23114,1.0
index_23115,3.0
index_23116,3.0
index_23117,2.0
index_23118,5.0
index_23119,4.0
index_23120,5.0
index_23121,2.0
index_23122,3.0
index_23123,5.0
index_23124,4.0
index_23125,5.0
index_23126,1.0
index_23127,3.0
index_23128,5.0
index_23129,1.0
index_23130,2.0
index_23131,1.0
index_23132,5.0
index_23133,4.0
index_23134,5.0
index_23135,3.0
index_23136,2.0
index_23137,1.0
index_23138,2.0
index_23139,4.0
index_23140,5.0
index_23141,4.0
index_23142,5.0
index_23143,1.0
index_23144,1.0
index_23145,4.0
index_23146,2.0
index_23147,1.0
index_23148,3.0
index_23149,2.0
index_23150,5.0
index_23151,2.0
index_23152,3.0
index_23153,3.0
index_23154,3.0
index_23155,3.0
index_23156,2.0
index_23157,1.0
index_23158,2.0
index_23159,1.0
index_23160,3.0
index_23161,5.0
index_23162,2.0
index_23163,1.0
index_23164,4.0
index_23165,1.0
index_23166,2.0
index_23167,3.0
index_23168,1.0
index_23169,5.0
index_23170,1.0
index_23171,3.0
index_23172,2.0
index_23173,5.0
index_23174,1.0
index_23175,4.0
index_23176,1.0
index_23177,3.0
index_23178,5.0
index_23179,1.0
index_23180,1.0
index_23181,3.0
index_23182,3.0
index_23183,3.0
index_23184,4.0
index_23185,2.0
index_23186,2.0
index_23187,2.0
index_23188,3.0
index_23189,4.0
index_23190,1.0
index_23191,3.0
index_23192,3.0
index_23193,5.0
index_23194,4.0
index_23195,1.0
index_23196,4.0
index_23197,5.0
index_23198,5.0
index_23199,3.0
index_23200,3.0
index_23201,5.0
index_23202,1.0
index_23203,5.0
index_23204,5.0
index_23205,2.0
index_23206,2.0
index_23207,5.0
index_23208,4.0
index_23209,2.0
index_23210,1.0
index_23211,2.0
index_23212,5.0
index_23213,1.0
index_23214,1.0
index_23215,4.0
index_23216,2.0
index_23217,4.0
index_23218,2.0
index_23219,1.0
index_23220,2.0
index_23221,1.0
index_23222,3.0
index_23223,1.0
index_23224,1.0
index_23225,2.0
index_23226,5.0
index_23227,3.0
index_23228,1.0
index_23229,4.0
index_23230,2.0
index_23231,2.0
index_23232,5.0
index_23233,1.0
index_23234,4.0
index_23235,5.0
index_23236,2.0
index_23237,1.0
index_23238,1.0
index_23239,2.0
index_23240,4.0
index_23241,2.0
index_23242,4.0
index_23243,1.0
index_23244,3.0
index_23245,3.0
index_23246,3.0
index_23247,2.0
index_23248,1.0
index_23249,5.0
index_23250,4.0
index_23251,4.0
index_23252,4.0
index_23253,4.0
index_23254,5.0
index_23255,5.0
index_23256,2.0
index_23257,1.0
index_23258,3.0
index_23259,5.0
index_23260,4.0
index_23261,1.0
index_23262,2.0
index_23263,4.0
index_23264,5.0
index_23265,1.0
index_23266,1.0
index_23267,5.0
index_23268,5.0
index_23269,1.0
index_23270,2.0
index_23271,5.0
index_23272,4.0
index_23273,5.0
index_23274,4.0
index_23275,5.0
index_23276,3.0
index_23277,4.0
index_23278,5.0
index_23279,1.0
index_23280,2.0
index_23281,1.0
index_23282,4.0
index_23283,5.0
index_23284,3.0
index_23285,1.0
index_23286,5.0
index_23287,1.0
index_23288,1.0
index_23289,4.0
index_23290,5.0
index_23291,3.0
index_23292,4.0
index_23293,3.0
index_23294,2.0
index_23295,3.0
index_23296,2.0
index_23297,2.0
index_23298,5.0
index_23299,4.0
index_23300,4.0
index_23301,3.0
index_23302,2.0
index_23303,3.0
index_23304,2.0
index_23305,3.0
index_23306,5.0
index_23307,3.0
index_23308,5.0
index_23309,2.0
index_23310,5.0
index_23311,3.0
index_23312,1.0
index_23313,1.0
index_23314,5.0
index_23315,1.0
index_23316,1.0
index_23317,4.0
index_23318,1.0
index_23319,3.0
index_23320,2.0
index_23321,1.0
index_23322,3.0
index_23323,1.0
index_23324,5.0
index_23325,1.0
index_23326,1.0
index_23327,4.0
index_23328,2.0
index_23329,5.0
index_23330,1.0
index_23331,3.0
index_23332,1.0
index_23333,1.0
index_23334,2.0
index_23335,2.0
index_23336,2.0
index_23337,1.0
index_23338,5.0
index_23339,1.0
index_23340,1.0
index_23341,5.0
index_23342,1.0
index_23343,2.0
index_23344,2.0
index_23345,2.0
index_23346,2.0
index_23347,3.0
index_23348,5.0
index_23349,5.0
index_23350,2.0
index_23351,3.0
index_23352,1.0
index_23353,2.0
index_23354,4.0
index_23355,5.0
index_23356,5.0
index_23357,3.0
index_23358,4.0
index_23359,1.0
index_23360,5.0
index_23361,3.0
index_23362,3.0
index_23363,2.0
index_23364,3.0
index_23365,3.0
index_23366,3.0
index_23367,2.0
index_23368,2.0
index_23369,4.0
index_23370,1.0
index_23371,2.0
index_23372,2.0
index_23373,5.0
index_23374,1.0
index_23375,5.0
index_23376,4.0
index_23377,1.0
index_23378,4.0
index_23379,1.0
index_23380,1.0
index_23381,1.0
index_23382,1.0
index_23383,3.0
index_23384,3.0
index_23385,1.0
index_23386,1.0
index_23387,2.0
index_23388,3.0
index_23389,5.0
index_23390,1.0
index_23391,3.0
index_23392,1.0
index_23393,1.0
index_23394,5.0
index_23395,2.0
index_23396,5.0
index_23397,1.0
index_23398,5.0
index_23399,1.0
index_23400,1.0
index_23401,1.0
index_23402,5.0
index_23403,3.0
index_23404,1.0
index_23405,5.0
index_23406,5.0
index_23407,2.0
index_23408,1.0
index_23409,3.0
index_23410,3.0
index_23411,4.0
index_23412,4.0
index_23413,1.0
index_23414,3.0
index_23415,4.0
index_23416,3.0
index_23417,1.0
index_23418,1.0
index_23419,4.0
index_23420,5.0
index_23421,2.0
index_23422,5.0
index_23423,2.0
index_23424,5.0
index_23425,2.0
index_23426,3.0
index_23427,2.0
index_23428,3.0
index_23429,2.0
index_23430,4.0
index_23431,4.0
index_23432,4.0
index_23433,2.0
index_23434,3.0
index_23435,4.0
index_23436,3.0
index_23437,5.0
index_23438,3.0
index_23439,5.0
index_23440,5.0
index_23441,2.0
index_23442,3.0
index_23443,1.0
index_23444,4.0
index_23445,3.0
index_23446,5.0
index_23447,4.0
index_23448,4.0
index_23449,1.0
index_23450,1.0
index_23451,4.0
index_23452,3.0
index_23453,3.0
index_23454,1.0
index_23455,3.0
index_23456,3.0
index_23457,3.0
index_23458,3.0
index_23459,2.0
index_23460,4.0
index_23461,4.0
index_23462,3.0
index_23463,4.0
index_23464,5.0
index_23465,5.0
index_23466,1.0
index_23467,3.0
index_23468,3.0
index_23469,3.0
index_23470,3.0
index_23471,2.0
index_23472,3.0
index_23473,3.0
index_23474,4.0
index_23475,2.0
index_23476,1.0
index_23477,2.0
index_23478,4.0
index_23479,3.0
index_23480,1.0
index_23481,1.0
index_23482,1.0
index_23483,2.0
index_23484,5.0
index_23485,3.0
index_23486,3.0
index_23487,5.0
index_23488,3.0
index_23489,1.0
index_23490,4.0
index_23491,5.0
index_23492,3.0
index_23493,1.0
index_23494,4.0
index_23495,3.0
index_23496,1.0
index_23497,4.0
index_23498,2.0
index_23499,5.0
index_23500,4.0
index_23501,2.0
index_23502,1.0
index_23503,3.0
index_23504,3.0
index_23505,1.0
index_23506,5.0
index_23507,1.0
index_23508,5.0
index_23509,4.0
index_23510,5.0
index_23511,4.0
index_23512,4.0
index_23513,4.0
index_23514,4.0
index_23515,4.0
index_23516,1.0
index_23517,5.0
index_23518,1.0
index_23519,3.0
index_23520,3.0
index_23521,2.0
index_23522,3.0
index_23523,2.0
index_23524,4.0
index_23525,1.0
index_23526,5.0
index_23527,5.0
index_23528,5.0
index_23529,2.0
index_23530,3.0
index_23531,2.0
index_23532,5.0
index_23533,2.0
index_23534,2.0
index_23535,1.0
index_23536,3.0
index_23537,2.0
index_23538,1.0
index_23539,2.0
index_23540,5.0
index_23541,5.0
index_23542,2.0
index_23543,5.0
index_23544,3.0
index_23545,5.0
index_23546,3.0
index_23547,1.0
index_23548,3.0
index_23549,1.0
index_23550,4.0
index_23551,2.0
index_23552,1.0
index_23553,5.0
index_23554,2.0
index_23555,3.0
index_23556,3.0
index_23557,4.0
index_23558,4.0
index_23559,4.0
index_23560,3.0
index_23561,1.0
index_23562,4.0
index_23563,5.0
index_23564,3.0
index_23565,1.0
index_23566,3.0
index_23567,2.0
index_23568,5.0
index_23569,4.0
index_23570,5.0
index_23571,1.0
index_23572,2.0
index_23573,1.0
index_23574,1.0
index_23575,1.0
index_23576,4.0
index_23577,4.0
index_23578,5.0
index_23579,2.0
index_23580,4.0
index_23581,2.0
index_23582,1.0
index_23583,3.0
index_23584,3.0
index_23585,4.0
index_23586,3.0
index_23587,4.0
index_23588,1.0
index_23589,5.0
index_23590,3.0
index_23591,2.0
index_23592,3.0
index_23593,5.0
index_23594,1.0
index_23595,3.0
index_23596,5.0
index_23597,2.0
index_23598,2.0
index_23599,1.0
index_23600,3.0
index_23601,2.0
index_23602,5.0
index_23603,5.0
index_23604,5.0
index_23605,2.0
index_23606,4.0
index_23607,5.0
index_23608,2.0
index_23609,4.0
index_23610,4.0
index_23611,4.0
index_23612,3.0
index_23613,1.0
index_23614,5.0
index_23615,5.0
index_23616,4.0
index_23617,4.0
index_23618,2.0
index_23619,5.0
index_23620,4.0
index_23621,3.0
index_23622,2.0
index_23623,1.0
index_23624,2.0
index_23625,1.0
index_23626,2.0
index_23627,1.0
index_23628,4.0
index_23629,2.0
index_23630,2.0
index_23631,5.0
index_23632,3.0
index_23633,2.0
index_23634,5.0
index_23635,5.0
index_23636,2.0
index_23637,3.0
index_23638,5.0
index_23639,4.0
index_23640,5.0
index_23641,5.0
index_23642,5.0
index_23643,5.0
index_23644,3.0
index_23645,4.0
index_23646,5.0
index_23647,5.0
index_23648,3.0
index_23649,2.0
index_23650,2.0
index_23651,4.0
index_23652,1.0
index_23653,4.0
index_23654,4.0
index_23655,1.0
index_23656,2.0
index_23657,2.0
index_23658,5.0
index_23659,2.0
index_23660,4.0
index_23661,5.0
index_23662,4.0
index_23663,3.0
index_23664,4.0
index_23665,3.0
index_23666,1.0
index_23667,5.0
index_23668,1.0
index_23669,3.0
index_23670,3.0
index_23671,3.0
index_23672,3.0
index_23673,5.0
index_23674,1.0
index_23675,3.0
index_23676,2.0
index_23677,4.0
index_23678,1.0
index_23679,5.0
index_23680,1.0
index_23681,5.0
index_23682,3.0
index_23683,4.0
index_23684,5.0
index_23685,5.0
index_23686,2.0
index_23687,3.0
index_23688,4.0
index_23689,4.0
index_23690,1.0
index_23691,4.0
index_23692,5.0
index_23693,1.0
index_23694,1.0
index_23695,3.0
index_23696,5.0
index_23697,2.0
index_23698,2.0
index_23699,2.0
index_23700,4.0
index_23701,5.0
index_23702,1.0
index_23703,1.0
index_23704,1.0
index_23705,5.0
index_23706,3.0
index_23707,2.0
index_23708,2.0
index_23709,2.0
index_23710,5.0
index_23711,1.0
index_23712,3.0
index_23713,4.0
index_23714,1.0
index_23715,1.0
index_23716,4.0
index_23717,5.0
index_23718,3.0
index_23719,5.0
index_23720,5.0
index_23721,3.0
index_23722,4.0
index_23723,1.0
index_23724,2.0
index_23725,2.0
index_23726,5.0
index_23727,4.0
index_23728,1.0
index_23729,3.0
index_23730,4.0
index_23731,1.0
index_23732,1.0
index_23733,5.0
index_23734,2.0
index_23735,4.0
index_23736,4.0
index_23737,3.0
index_23738,3.0
index_23739,1.0
index_23740,1.0
index_23741,5.0
index_23742,3.0
index_23743,5.0
index_23744,3.0
index_23745,5.0
index_23746,5.0
index_23747,5.0
index_23748,4.0
index_23749,3.0
index_23750,1.0
index_23751,1.0
index_23752,2.0
index_23753,3.0
index_23754,4.0
index_23755,2.0
index_23756,2.0
index_23757,1.0
index_23758,3.0
index_23759,2.0
index_23760,2.0
index_23761,2.0
index_23762,3.0
index_23763,1.0
index_23764,2.0
index_23765,3.0
index_23766,3.0
index_23767,1.0
index_23768,5.0
index_23769,4.0
index_23770,1.0
index_23771,1.0
index_23772,3.0
index_23773,2.0
index_23774,5.0
index_23775,1.0
index_23776,4.0
index_23777,5.0
index_23778,3.0
index_23779,5.0
index_23780,2.0
index_23781,5.0
index_23782,5.0
index_23783,2.0
index_23784,3.0
index_23785,3.0
index_23786,4.0
index_23787,5.0
index_23788,4.0
index_23789,4.0
index_23790,3.0
index_23791,4.0
index_23792,2.0
index_23793,2.0
index_23794,3.0
index_23795,2.0
index_23796,3.0
index_23797,3.0
index_23798,1.0
index_23799,2.0
index_23800,3.0
index_23801,1.0
index_23802,5.0
index_23803,4.0
index_23804,2.0
index_23805,5.0
index_23806,5.0
index_23807,3.0
index_23808,1.0
index_23809,3.0
index_23810,5.0
index_23811,2.0
index_23812,2.0
index_23813,5.0
index_23814,5.0
index_23815,5.0
index_23816,3.0
index_23817,3.0
index_23818,2.0
index_23819,3.0
index_23820,4.0
index_23821,5.0
index_23822,2.0
index_23823,3.0
index_23824,2.0
index_23825,5.0
index_23826,5.0
index_23827,3.0
index_23828,3.0
index_23829,1.0
index_23830,1.0
index_23831,4.0
index_23832,4.0
index_23833,1.0
index_23834,2.0
index_23835,2.0
index_23836,4.0
index_23837,3.0
index_23838,2.0
index_23839,3.0
index_23840,4.0
index_23841,4.0
index_23842,4.0
index_23843,2.0
index_23844,3.0
index_23845,2.0
index_23846,1.0
index_23847,2.0
index_23848,5.0
index_23849,5.0
index_23850,1.0
index_23851,4.0
index_23852,5.0
index_23853,1.0
index_23854,3.0
index_23855,1.0
index_23856,1.0
index_23857,2.0
index_23858,5.0
index_23859,5.0
index_23860,1.0
index_23861,3.0
index_23862,5.0
index_23863,2.0
index_23864,3.0
index_23865,1.0
index_23866,3.0
index_23867,1.0
index_23868,3.0
index_23869,5.0
index_23870,3.0
index_23871,4.0
index_23872,3.0
index_23873,2.0
index_23874,2.0
index_23875,4.0
index_23876,2.0
index_23877,5.0
index_23878,1.0
index_23879,5.0
index_23880,2.0
index_23881,4.0
index_23882,3.0
index_23883,1.0
index_23884,1.0
index_23885,5.0
index_23886,3.0
index_23887,3.0
index_23888,4.0
index_23889,3.0
index_23890,1.0
index_23891,2.0
index_23892,4.0
index_23893,5.0
index_23894,1.0
index_23895,3.0
index_23896,3.0
index_23897,1.0
index_23898,4.0
index_23899,4.0
index_23900,2.0
index_23901,3.0
index_23902,4.0
index_23903,1.0
index_23904,2.0
index_23905,4.0
index_23906,2.0
index_23907,4.0
index_23908,1.0
index_23909,2.0
index_23910,5.0
index_23911,2.0
index_23912,1.0
index_23913,5.0
index_23914,1.0
index_23915,4.0
index_23916,4.0
index_23917,4.0
index_23918,1.0
index_23919,4.0
index_23920,1.0
index_23921,4.0
index_23922,1.0
index_23923,1.0
index_23924,2.0
index_23925,4.0
index_23926,5.0
index_23927,4.0
index_23928,3.0
index_23929,3.0
index_23930,1.0
index_23931,1.0
index_23932,1.0
index_23933,2.0
index_23934,2.0
index_23935,2.0
index_23936,2.0
index_23937,2.0
index_23938,1.0
index_23939,1.0
index_23940,1.0
index_23941,3.0
index_23942,3.0
index_23943,5.0
index_23944,3.0
index_23945,1.0
index_23946,1.0
index_23947,5.0
index_23948,5.0
index_23949,5.0
index_23950,5.0
index_23951,5.0
index_23952,1.0
index_23953,4.0
index_23954,4.0
index_23955,5.0
index_23956,1.0
index_23957,3.0
index_23958,2.0
index_23959,2.0
index_23960,1.0
index_23961,5.0
index_23962,4.0
index_23963,4.0
index_23964,3.0
index_23965,2.0
index_23966,4.0
index_23967,1.0
index_23968,2.0
index_23969,3.0
index_23970,4.0
index_23971,5.0
index_23972,3.0
index_23973,3.0
index_23974,1.0
index_23975,5.0
index_23976,2.0
index_23977,4.0
index_23978,4.0
index_23979,2.0
index_23980,1.0
index_23981,3.0
index_23982,1.0
index_23983,3.0
index_23984,4.0
index_23985,3.0
index_23986,5.0
index_23987,4.0
index_23988,4.0
index_23989,1.0
index_23990,3.0
index_23991,2.0
index_23992,4.0
index_23993,2.0
index_23994,2.0
index_23995,5.0
index_23996,4.0
index_23997,4.0
index_23998,3.0
index_23999,1.0
index_24000,5.0
index_24001,1.0
index_24002,4.0
index_24003,1.0
index_24004,4.0
index_24005,1.0
index_24006,5.0
index_24007,2.0
index_24008,2.0
index_24009,2.0
index_24010,2.0
index_24011,2.0
index_24012,3.0
index_24013,2.0
index_24014,3.0
index_24015,1.0
index_24016,5.0
index_24017,5.0
index_24018,2.0
index_24019,2.0
index_24020,4.0
index_24021,5.0
index_24022,3.0
index_24023,2.0
index_24024,1.0
index_24025,2.0
index_24026,1.0
index_24027,3.0
index_24028,3.0
index_24029,3.0
index_24030,1.0
index_24031,1.0
index_24032,5.0
index_24033,5.0
index_24034,2.0
index_24035,1.0
index_24036,2.0
index_24037,2.0
index_24038,5.0
index_24039,1.0
index_24040,3.0
index_24041,1.0
index_24042,3.0
index_24043,1.0
index_24044,1.0
index_24045,5.0
index_24046,2.0
index_24047,2.0
index_24048,4.0
index_24049,5.0
index_24050,2.0
index_24051,2.0
index_24052,3.0
index_24053,3.0
index_24054,4.0
index_24055,3.0
index_24056,2.0
index_24057,1.0
index_24058,2.0
index_24059,3.0
index_24060,5.0
index_24061,4.0
index_24062,1.0
index_24063,3.0
index_24064,3.0
index_24065,1.0
index_24066,3.0
index_24067,4.0
index_24068,4.0
index_24069,1.0
index_24070,3.0
index_24071,5.0
index_24072,5.0
index_24073,5.0
index_24074,2.0
index_24075,2.0
index_24076,1.0
index_24077,5.0
index_24078,2.0
index_24079,1.0
index_24080,1.0
index_24081,1.0
index_24082,3.0
index_24083,1.0
index_24084,4.0
index_24085,1.0
index_24086,1.0
index_24087,3.0
index_24088,3.0
index_24089,4.0
index_24090,1.0
index_24091,5.0
index_24092,2.0
index_24093,1.0
index_24094,1.0
index_24095,5.0
index_24096,1.0
index_24097,3.0
index_24098,2.0
index_24099,4.0
index_24100,5.0
index_24101,3.0
index_24102,4.0
index_24103,4.0
index_24104,1.0
index_24105,5.0
index_24106,4.0
index_24107,5.0
index_24108,5.0
index_24109,2.0
index_24110,2.0
index_24111,2.0
index_24112,4.0
index_24113,2.0
index_24114,3.0
index_24115,4.0
index_24116,5.0
index_24117,5.0
index_24118,2.0
index_24119,3.0
index_24120,3.0
index_24121,3.0
index_24122,2.0
index_24123,4.0
index_24124,4.0
index_24125,2.0
index_24126,2.0
index_24127,4.0
index_24128,5.0
index_24129,5.0
index_24130,2.0
index_24131,1.0
index_24132,3.0
index_24133,2.0
index_24134,2.0
index_24135,1.0
index_24136,2.0
index_24137,5.0
index_24138,5.0
index_24139,1.0
index_24140,5.0
index_24141,2.0
index_24142,1.0
index_24143,3.0
index_24144,2.0
index_24145,1.0
index_24146,1.0
index_24147,1.0
index_24148,5.0
index_24149,3.0
index_24150,5.0
index_24151,3.0
index_24152,2.0
index_24153,1.0
index_24154,3.0
index_24155,2.0
index_24156,1.0
index_24157,3.0
index_24158,5.0
index_24159,1.0
index_24160,2.0
index_24161,1.0
index_24162,1.0
index_24163,5.0
index_24164,1.0
index_24165,1.0
index_24166,5.0
index_24167,1.0
index_24168,3.0
index_24169,3.0
index_24170,5.0
index_24171,3.0
index_24172,4.0
index_24173,3.0
index_24174,2.0
index_24175,2.0
index_24176,5.0
index_24177,1.0
index_24178,5.0
index_24179,2.0
index_24180,4.0
index_24181,5.0
index_24182,3.0
index_24183,3.0
index_24184,2.0
index_24185,3.0
index_24186,2.0
index_24187,1.0
index_24188,3.0
index_24189,5.0
index_24190,2.0
index_24191,1.0
index_24192,2.0
index_24193,5.0
index_24194,4.0
index_24195,2.0
index_24196,2.0
index_24197,5.0
index_24198,1.0
index_24199,2.0
index_24200,3.0
index_24201,4.0
index_24202,3.0
index_24203,4.0
index_24204,2.0
index_24205,1.0
index_24206,1.0
index_24207,5.0
index_24208,3.0
index_24209,5.0
index_24210,5.0
index_24211,2.0
index_24212,5.0
index_24213,1.0
index_24214,5.0
index_24215,1.0
index_24216,4.0
index_24217,4.0
index_24218,5.0
index_24219,5.0
index_24220,4.0
index_24221,2.0
index_24222,3.0
index_24223,4.0
index_24224,2.0
index_24225,5.0
index_24226,2.0
index_24227,3.0
index_24228,2.0
index_24229,2.0
index_24230,5.0
index_24231,3.0
index_24232,5.0
index_24233,2.0
index_24234,1.0
index_24235,3.0
index_24236,1.0
index_24237,5.0
index_24238,5.0
index_24239,3.0
index_24240,1.0
index_24241,2.0
index_24242,5.0
index_24243,5.0
index_24244,1.0
index_24245,3.0
index_24246,5.0
index_24247,2.0
index_24248,2.0
index_24249,5.0
index_24250,2.0
index_24251,5.0
index_24252,1.0
index_24253,4.0
index_24254,3.0
index_24255,2.0
index_24256,2.0
index_24257,4.0
index_24258,1.0
index_24259,4.0
index_24260,5.0
index_24261,5.0
index_24262,3.0
index_24263,5.0
index_24264,3.0
index_24265,5.0
index_24266,5.0
index_24267,5.0
index_24268,1.0
index_24269,5.0
index_24270,5.0
index_24271,4.0
index_24272,1.0
index_24273,2.0
index_24274,3.0
index_24275,2.0
index_24276,4.0
index_24277,2.0
index_24278,3.0
index_24279,3.0
index_24280,2.0
index_24281,3.0
index_24282,2.0
index_24283,2.0
index_24284,3.0
index_24285,3.0
index_24286,3.0
index_24287,4.0
index_24288,3.0
index_24289,5.0
index_24290,3.0
index_24291,3.0
index_24292,2.0
index_24293,3.0
index_24294,3.0
index_24295,3.0
index_24296,5.0
index_24297,5.0
index_24298,2.0
index_24299,3.0
index_24300,3.0
index_24301,2.0
index_24302,4.0
index_24303,5.0
index_24304,3.0
index_24305,4.0
index_24306,2.0
index_24307,1.0
index_24308,5.0
index_24309,1.0
index_24310,3.0
index_24311,2.0
index_24312,4.0
index_24313,1.0
index_24314,3.0
index_24315,2.0
index_24316,1.0
index_24317,2.0
index_24318,1.0
index_24319,5.0
index_24320,5.0
index_24321,2.0
index_24322,2.0
index_24323,5.0
index_24324,4.0
index_24325,5.0
index_24326,5.0
index_24327,2.0
index_24328,4.0
index_24329,1.0
index_24330,4.0
index_24331,1.0
index_24332,3.0
index_24333,3.0
index_24334,5.0
index_24335,5.0
index_24336,5.0
index_24337,5.0
index_24338,1.0
index_24339,3.0
index_24340,3.0
index_24341,1.0
index_24342,3.0
index_24343,4.0
index_24344,3.0
index_24345,3.0
index_24346,3.0
index_24347,5.0
index_24348,3.0
index_24349,1.0
index_24350,5.0
index_24351,5.0
index_24352,3.0
index_24353,3.0
index_24354,1.0
index_24355,3.0
index_24356,4.0
index_24357,4.0
index_24358,1.0
index_24359,5.0
index_24360,2.0
index_24361,5.0
index_24362,3.0
index_24363,5.0
index_24364,3.0
index_24365,1.0
index_24366,2.0
index_24367,1.0
index_24368,3.0
index_24369,1.0
index_24370,4.0
index_24371,3.0
index_24372,3.0
index_24373,3.0
index_24374,4.0
index_24375,4.0
index_24376,2.0
index_24377,5.0
index_24378,4.0
index_24379,3.0
index_24380,5.0
index_24381,2.0
index_24382,5.0
index_24383,2.0
index_24384,4.0
index_24385,5.0
index_24386,1.0
index_24387,3.0
index_24388,5.0
index_24389,3.0
index_24390,2.0
index_24391,3.0
index_24392,3.0
index_24393,2.0
index_24394,2.0
index_24395,4.0
index_24396,1.0
index_24397,3.0
index_24398,1.0
index_24399,2.0
index_24400,3.0
index_24401,3.0
index_24402,5.0
index_24403,4.0
index_24404,2.0
index_24405,2.0
index_24406,2.0
index_24407,3.0
index_24408,3.0
index_24409,4.0
index_24410,2.0
index_24411,2.0
index_24412,4.0
index_24413,5.0
index_24414,4.0
index_24415,1.0
index_24416,1.0
index_24417,4.0
index_24418,3.0
index_24419,1.0
index_24420,4.0
index_24421,3.0
index_24422,1.0
index_24423,4.0
index_24424,2.0
index_24425,4.0
index_24426,5.0
index_24427,3.0
index_24428,2.0
index_24429,3.0
index_24430,5.0
index_24431,4.0
index_24432,5.0
index_24433,4.0
index_24434,5.0
index_24435,1.0
index_24436,4.0
index_24437,5.0
index_24438,2.0
index_24439,5.0
index_24440,5.0
index_24441,5.0
index_24442,3.0
index_24443,2.0
index_24444,5.0
index_24445,3.0
index_24446,4.0
index_24447,4.0
index_24448,2.0
index_24449,5.0
index_24450,1.0
index_24451,1.0
index_24452,5.0
index_24453,5.0
index_24454,1.0
index_24455,2.0
index_24456,2.0
index_24457,3.0
index_24458,1.0
index_24459,3.0
index_24460,1.0
index_24461,2.0
index_24462,3.0
index_24463,5.0
index_24464,3.0
index_24465,4.0
index_24466,5.0
index_24467,1.0
index_24468,1.0
index_24469,5.0
index_24470,4.0
index_24471,4.0
index_24472,1.0
index_24473,4.0
index_24474,5.0
index_24475,2.0
index_24476,3.0
index_24477,3.0
index_24478,5.0
index_24479,4.0
index_24480,3.0
index_24481,2.0
index_24482,1.0
index_24483,4.0
index_24484,3.0
index_24485,2.0
index_24486,5.0
index_24487,1.0
index_24488,5.0
index_24489,2.0
index_24490,4.0
index_24491,2.0
index_24492,5.0
index_24493,1.0
index_24494,4.0
index_24495,3.0
index_24496,5.0
index_24497,4.0
index_24498,2.0
index_24499,4.0
index_24500,1.0
index_24501,4.0
index_24502,2.0
index_24503,5.0
index_24504,3.0
index_24505,2.0
index_24506,3.0
index_24507,3.0
index_24508,2.0
index_24509,4.0
index_24510,5.0
index_24511,3.0
index_24512,2.0
index_24513,3.0
index_24514,3.0
index_24515,4.0
index_24516,4.0
index_24517,2.0
index_24518,2.0
index_24519,4.0
index_24520,1.0
index_24521,3.0
index_24522,2.0
index_24523,1.0
index_24524,1.0
index_24525,4.0
index_24526,5.0
index_24527,5.0
index_24528,1.0
index_24529,3.0
index_24530,5.0
index_24531,4.0
index_24532,4.0
index_24533,3.0
index_24534,2.0
index_24535,1.0
index_24536,4.0
index_24537,1.0
index_24538,2.0
index_24539,2.0
index_24540,4.0
index_24541,1.0
index_24542,2.0
index_24543,5.0
index_24544,2.0
index_24545,1.0
index_24546,3.0
index_24547,4.0
index_24548,5.0
index_24549,5.0
index_24550,5.0
index_24551,1.0
index_24552,1.0
index_24553,5.0
index_24554,4.0
index_24555,2.0
index_24556,4.0
index_24557,5.0
index_24558,5.0
index_24559,4.0
index_24560,3.0
index_24561,4.0
index_24562,4.0
index_24563,3.0
index_24564,2.0
index_24565,5.0
index_24566,1.0
index_24567,1.0
index_24568,1.0
index_24569,2.0
index_24570,1.0
index_24571,4.0
index_24572,2.0
index_24573,4.0
index_24574,5.0
index_24575,1.0
index_24576,1.0
index_24577,4.0
index_24578,4.0
index_24579,2.0
index_24580,3.0
index_24581,1.0
index_24582,1.0
index_24583,4.0
index_24584,2.0
index_24585,5.0
index_24586,4.0
index_24587,2.0
index_24588,2.0
index_24589,2.0
index_24590,1.0
index_24591,5.0
index_24592,5.0
index_24593,1.0
index_24594,5.0
index_24595,5.0
index_24596,1.0
index_24597,1.0
index_24598,4.0
index_24599,2.0
index_24600,1.0
index_24601,4.0
index_24602,5.0
index_24603,2.0
index_24604,1.0
index_24605,4.0
index_24606,4.0
index_24607,3.0
index_24608,1.0
index_24609,3.0
index_24610,4.0
index_24611,5.0
index_24612,5.0
index_24613,1.0
index_24614,1.0
index_24615,4.0
index_24616,4.0
index_24617,4.0
index_24618,3.0
index_24619,3.0
index_24620,3.0
index_24621,2.0
index_24622,2.0
index_24623,5.0
index_24624,5.0
index_24625,5.0
index_24626,2.0
index_24627,4.0
index_24628,2.0
index_24629,2.0
index_24630,5.0
index_24631,3.0
index_24632,2.0
index_24633,5.0
index_24634,2.0
index_24635,4.0
index_24636,2.0
index_24637,4.0
index_24638,3.0
index_24639,5.0
index_24640,4.0
index_24641,4.0
index_24642,5.0
index_24643,3.0
index_24644,1.0
index_24645,3.0
index_24646,3.0
index_24647,1.0
index_24648,1.0
index_24649,5.0
index_24650,5.0
index_24651,2.0
index_24652,2.0
index_24653,3.0
index_24654,4.0
index_24655,1.0
index_24656,5.0
index_24657,4.0
index_24658,1.0
index_24659,5.0
index_24660,3.0
index_24661,4.0
index_24662,5.0
index_24663,2.0
index_24664,1.0
index_24665,3.0
index_24666,5.0
index_24667,3.0
index_24668,5.0
index_24669,5.0
index_24670,4.0
index_24671,1.0
index_24672,5.0
index_24673,2.0
index_24674,3.0
index_24675,4.0
index_24676,4.0
index_24677,4.0
index_24678,1.0
index_24679,1.0
index_24680,1.0
index_24681,4.0
index_24682,3.0
index_24683,3.0
index_24684,3.0
index_24685,5.0
index_24686,5.0
index_24687,1.0
index_24688,3.0
index_24689,1.0
index_24690,3.0
index_24691,4.0
index_24692,1.0
index_24693,1.0
index_24694,5.0
index_24695,2.0
index_24696,4.0
index_24697,2.0
index_24698,2.0
index_24699,5.0
index_24700,1.0
index_24701,3.0
index_24702,4.0
index_24703,2.0
index_24704,5.0
index_24705,4.0
index_24706,2.0
index_24707,3.0
index_24708,3.0
index_24709,4.0
index_24710,4.0
index_24711,1.0
index_24712,4.0
index_24713,4.0
index_24714,5.0
index_24715,3.0
index_24716,3.0
index_24717,1.0
index_24718,1.0
index_24719,4.0
index_24720,1.0
index_24721,1.0
index_24722,4.0
index_24723,5.0
index_24724,5.0
index_24725,3.0
index_24726,5.0
index_24727,3.0
index_24728,4.0
index_24729,3.0
index_24730,3.0
index_24731,5.0
index_24732,5.0
index_24733,5.0
index_24734,2.0
index_24735,4.0
index_24736,4.0
index_24737,5.0
index_24738,3.0
index_24739,1.0
index_24740,4.0
index_24741,2.0
index_24742,1.0
index_24743,4.0
index_24744,3.0
index_24745,5.0
index_24746,4.0
index_24747,1.0
index_24748,5.0
index_24749,2.0
index_24750,1.0
index_24751,5.0
index_24752,3.0
index_24753,5.0
index_24754,2.0
index_24755,1.0
index_24756,1.0
index_24757,1.0
index_24758,5.0
index_24759,4.0
index_24760,2.0
index_24761,2.0
index_24762,2.0
index_24763,3.0
index_24764,5.0
index_24765,1.0
index_24766,4.0
index_24767,4.0
index_24768,4.0
index_24769,3.0
index_24770,1.0
index_24771,5.0
index_24772,1.0
index_24773,5.0
index_24774,1.0
index_24775,4.0
index_24776,5.0
index_24777,2.0
index_24778,5.0
index_24779,5.0
index_24780,2.0
index_24781,2.0
index_24782,1.0
index_24783,3.0
index_24784,5.0
index_24785,2.0
index_24786,5.0
index_24787,5.0
index_24788,4.0
index_24789,3.0
index_24790,4.0
index_24791,5.0
index_24792,1.0
index_24793,2.0
index_24794,2.0
index_24795,1.0
index_24796,3.0
index_24797,4.0
index_24798,1.0
index_24799,5.0
index_24800,5.0
index_24801,5.0
index_24802,5.0
index_24803,3.0
index_24804,5.0
index_24805,3.0
index_24806,1.0
index_24807,4.0
index_24808,1.0
index_24809,3.0
index_24810,2.0
index_24811,2.0
index_24812,3.0
index_24813,5.0
index_24814,3.0
index_24815,4.0
index_24816,2.0
index_24817,3.0
index_24818,2.0
index_24819,5.0
index_24820,1.0
index_24821,3.0
index_24822,4.0
index_24823,4.0
index_24824,2.0
index_24825,1.0
index_24826,5.0
index_24827,3.0
index_24828,4.0
index_24829,3.0
index_24830,1.0
index_24831,4.0
index_24832,5.0
index_24833,3.0
index_24834,2.0
index_24835,3.0
index_24836,5.0
index_24837,1.0
index_24838,3.0
index_24839,4.0
index_24840,4.0
index_24841,2.0
index_24842,1.0
index_24843,1.0
index_24844,2.0
index_24845,4.0
index_24846,1.0
index_24847,2.0
index_24848,5.0
index_24849,5.0
index_24850,1.0
index_24851,2.0
index_24852,2.0
index_24853,3.0
index_24854,1.0
index_24855,4.0
index_24856,5.0
index_24857,4.0
index_24858,5.0
index_24859,4.0
index_24860,3.0
index_24861,3.0
index_24862,5.0
index_24863,5.0
index_24864,5.0
index_24865,1.0
index_24866,2.0
index_24867,5.0
index_24868,1.0
index_24869,1.0
index_24870,4.0
index_24871,4.0
index_24872,4.0
index_24873,1.0
index_24874,1.0
index_24875,4.0
index_24876,4.0
index_24877,3.0
index_24878,3.0
index_24879,2.0
index_24880,1.0
index_24881,2.0
index_24882,5.0
index_24883,4.0
index_24884,2.0
index_24885,3.0
index_24886,5.0
index_24887,2.0
index_24888,1.0
index_24889,1.0
index_24890,2.0
index_24891,1.0
index_24892,1.0
index_24893,3.0
index_24894,2.0
index_24895,1.0
index_24896,2.0
index_24897,1.0
index_24898,5.0
index_24899,2.0
index_24900,1.0
index_24901,1.0
index_24902,1.0
index_24903,1.0
index_24904,1.0
index_24905,5.0
index_24906,5.0
index_24907,2.0
index_24908,2.0
index_24909,1.0
index_24910,3.0
index_24911,1.0
index_24912,2.0
index_24913,5.0
index_24914,2.0
index_24915,1.0
index_24916,5.0
index_24917,5.0
index_24918,1.0
index_24919,5.0
index_24920,2.0
index_24921,3.0
index_24922,2.0
index_24923,2.0
index_24924,4.0
index_24925,3.0
index_24926,5.0
index_24927,2.0
index_24928,3.0
index_24929,2.0
index_24930,5.0
index_24931,2.0
index_24932,3.0
index_24933,5.0
index_24934,5.0
index_24935,1.0
index_24936,3.0
index_24937,2.0
index_24938,2.0
index_24939,1.0
index_24940,4.0
index_24941,1.0
index_24942,1.0
index_24943,1.0
index_24944,2.0
index_24945,4.0
index_24946,5.0
index_24947,5.0
index_24948,4.0
index_24949,4.0
index_24950,3.0
index_24951,2.0
index_24952,4.0
index_24953,2.0
index_24954,4.0
index_24955,3.0
index_24956,2.0
index_24957,1.0
index_24958,2.0
index_24959,4.0
index_24960,3.0
index_24961,4.0
index_24962,2.0
index_24963,5.0
index_24964,2.0
index_24965,4.0
index_24966,3.0
index_24967,3.0
index_24968,5.0
index_24969,4.0
index_24970,5.0
index_24971,1.0
index_24972,5.0
index_24973,3.0
index_24974,3.0
index_24975,3.0
index_24976,3.0
index_24977,4.0
index_24978,4.0
index_24979,1.0
index_24980,4.0
index_24981,4.0
index_24982,2.0
index_24983,3.0
index_24984,1.0
index_24985,5.0
index_24986,5.0
index_24987,2.0
index_24988,1.0
index_24989,1.0
index_24990,2.0
index_24991,4.0
index_24992,1.0
index_24993,1.0
index_24994,4.0
index_24995,3.0
index_24996,4.0
index_24997,2.0
index_24998,5.0
index_24999,2.0
index_25000,1.0
index_25001,2.0
index_25002,5.0
index_25003,3.0
index_25004,2.0
index_25005,3.0
index_25006,1.0
index_25007,2.0
index_25008,4.0
index_25009,4.0
index_25010,2.0
index_25011,4.0
index_25012,4.0
index_25013,5.0
index_25014,4.0
index_25015,1.0
index_25016,3.0
index_25017,4.0
index_25018,4.0
index_25019,5.0
index_25020,3.0
index_25021,3.0
index_25022,4.0
index_25023,4.0
index_25024,2.0
index_25025,1.0
index_25026,1.0
index_25027,1.0
index_25028,1.0
index_25029,1.0
index_25030,5.0
index_25031,3.0
index_25032,5.0
index_25033,1.0
index_25034,3.0
index_25035,1.0
index_25036,2.0
index_25037,5.0
index_25038,4.0
index_25039,4.0
index_25040,1.0
index_25041,2.0
index_25042,1.0
index_25043,2.0
index_25044,5.0
index_25045,1.0
index_25046,4.0
index_25047,3.0
index_25048,2.0
index_25049,4.0
index_25050,5.0
index_25051,5.0
index_25052,1.0
index_25053,2.0
index_25054,5.0
index_25055,5.0
index_25056,5.0
index_25057,3.0
index_25058,2.0
index_25059,1.0
index_25060,1.0
index_25061,5.0
index_25062,2.0
index_25063,5.0
index_25064,1.0
index_25065,3.0
index_25066,5.0
index_25067,5.0
index_25068,2.0
index_25069,1.0
index_25070,5.0
index_25071,5.0
index_25072,1.0
index_25073,1.0
index_25074,3.0
index_25075,4.0
index_25076,5.0
index_25077,1.0
index_25078,2.0
index_25079,5.0
index_25080,2.0
index_25081,2.0
index_25082,2.0
index_25083,3.0
index_25084,4.0
index_25085,4.0
index_25086,5.0
index_25087,3.0
index_25088,5.0
index_25089,3.0
index_25090,3.0
index_25091,2.0
index_25092,3.0
index_25093,4.0
index_25094,3.0
index_25095,5.0
index_25096,4.0
index_25097,5.0
index_25098,2.0
index_25099,3.0
index_25100,2.0
index_25101,3.0
index_25102,4.0
index_25103,2.0
index_25104,2.0
index_25105,3.0
index_25106,1.0
index_25107,5.0
index_25108,1.0
index_25109,5.0
index_25110,3.0
index_25111,3.0
index_25112,3.0
index_25113,1.0
index_25114,5.0
index_25115,2.0
index_25116,5.0
index_25117,1.0
index_25118,4.0
index_25119,2.0
index_25120,2.0
index_25121,5.0
index_25122,2.0
index_25123,3.0
index_25124,2.0
index_25125,3.0
index_25126,1.0
index_25127,3.0
index_25128,4.0
index_25129,3.0
index_25130,2.0
index_25131,3.0
index_25132,4.0
index_25133,1.0
index_25134,5.0
index_25135,3.0
index_25136,5.0
index_25137,2.0
index_25138,2.0
index_25139,3.0
index_25140,2.0
index_25141,2.0
index_25142,3.0
index_25143,5.0
index_25144,5.0
index_25145,1.0
index_25146,1.0
index_25147,1.0
index_25148,3.0
index_25149,5.0
index_25150,2.0
index_25151,5.0
index_25152,2.0
index_25153,1.0
index_25154,2.0
index_25155,1.0
index_25156,2.0
index_25157,3.0
index_25158,4.0
index_25159,2.0
index_25160,3.0
index_25161,3.0
index_25162,1.0
index_25163,4.0
index_25164,2.0
index_25165,3.0
index_25166,1.0
index_25167,5.0
index_25168,2.0
index_25169,5.0
index_25170,4.0
index_25171,3.0
index_25172,4.0
index_25173,2.0
index_25174,1.0
index_25175,5.0
index_25176,5.0
index_25177,1.0
index_25178,3.0
index_25179,5.0
index_25180,3.0
index_25181,4.0
index_25182,4.0
index_25183,3.0
index_25184,2.0
index_25185,3.0
index_25186,3.0
index_25187,1.0
index_25188,5.0
index_25189,5.0
index_25190,5.0
index_25191,4.0
index_25192,5.0
index_25193,1.0
index_25194,1.0
index_25195,1.0
index_25196,5.0
index_25197,4.0
index_25198,1.0
index_25199,5.0
index_25200,3.0
index_25201,1.0
index_25202,3.0
index_25203,3.0
index_25204,2.0
index_25205,3.0
index_25206,3.0
index_25207,4.0
index_25208,2.0
index_25209,5.0
index_25210,1.0
index_25211,1.0
index_25212,2.0
index_25213,3.0
index_25214,1.0
index_25215,3.0
index_25216,4.0
index_25217,5.0
index_25218,4.0
index_25219,4.0
index_25220,5.0
index_25221,1.0
index_25222,5.0
index_25223,2.0
index_25224,1.0
index_25225,5.0
index_25226,1.0
index_25227,2.0
index_25228,5.0
index_25229,4.0
index_25230,1.0
index_25231,5.0
index_25232,2.0
index_25233,5.0
index_25234,2.0
index_25235,3.0
index_25236,3.0
index_25237,3.0
index_25238,4.0
index_25239,3.0
index_25240,4.0
index_25241,4.0
index_25242,5.0
index_25243,2.0
index_25244,2.0
index_25245,5.0
index_25246,4.0
index_25247,1.0
index_25248,2.0
index_25249,4.0
index_25250,2.0
index_25251,4.0
index_25252,1.0
index_25253,3.0
index_25254,3.0
index_25255,5.0
index_25256,4.0
index_25257,3.0
index_25258,4.0
index_25259,3.0
index_25260,3.0
index_25261,2.0
index_25262,3.0
index_25263,3.0
index_25264,1.0
index_25265,5.0
index_25266,2.0
index_25267,3.0
index_25268,1.0
index_25269,4.0
index_25270,2.0
index_25271,1.0
index_25272,3.0
index_25273,4.0
index_25274,5.0
index_25275,2.0
index_25276,2.0
index_25277,4.0
index_25278,2.0
index_25279,1.0
index_25280,1.0
index_25281,3.0
index_25282,4.0
index_25283,2.0
index_25284,5.0
index_25285,1.0
index_25286,2.0
index_25287,3.0
index_25288,4.0
index_25289,1.0
index_25290,1.0
index_25291,3.0
index_25292,1.0
index_25293,1.0
index_25294,2.0
index_25295,4.0
index_25296,5.0
index_25297,2.0
index_25298,2.0
index_25299,5.0
index_25300,4.0
index_25301,1.0
index_25302,1.0
index_25303,4.0
index_25304,3.0
index_25305,2.0
index_25306,3.0
index_25307,5.0
index_25308,5.0
index_25309,5.0
index_25310,5.0
index_25311,5.0
index_25312,3.0
index_25313,1.0
index_25314,4.0
index_25315,1.0
index_25316,4.0
index_25317,2.0
index_25318,4.0
index_25319,4.0
index_25320,1.0
index_25321,1.0
index_25322,1.0
index_25323,5.0
index_25324,2.0
index_25325,3.0
index_25326,5.0
index_25327,5.0
index_25328,1.0
index_25329,1.0
index_25330,5.0
index_25331,4.0
index_25332,5.0
index_25333,3.0
index_25334,1.0
index_25335,5.0
index_25336,3.0
index_25337,1.0
index_25338,5.0
index_25339,3.0
index_25340,5.0
index_25341,5.0
index_25342,1.0
index_25343,4.0
index_25344,3.0
index_25345,2.0
index_25346,4.0
index_25347,5.0
index_25348,1.0
index_25349,2.0
index_25350,5.0
index_25351,5.0
index_25352,1.0
index_25353,5.0
index_25354,3.0
index_25355,4.0
index_25356,1.0
index_25357,5.0
index_25358,3.0
index_25359,2.0
index_25360,3.0
index_25361,3.0
index_25362,1.0
index_25363,4.0
index_25364,3.0
index_25365,3.0
index_25366,4.0
index_25367,1.0
index_25368,3.0
index_25369,4.0
index_25370,3.0
index_25371,4.0
index_25372,5.0
index_25373,3.0
index_25374,5.0
index_25375,4.0
index_25376,1.0
index_25377,2.0
index_25378,5.0
index_25379,1.0
index_25380,5.0
index_25381,5.0
index_25382,2.0
index_25383,3.0
index_25384,2.0
index_25385,5.0
index_25386,4.0
index_25387,1.0
index_25388,1.0
index_25389,4.0
index_25390,1.0
index_25391,2.0
index_25392,2.0
index_25393,5.0
index_25394,1.0
index_25395,5.0
index_25396,1.0
index_25397,4.0
index_25398,2.0
index_25399,5.0
index_25400,3.0
index_25401,3.0
index_25402,5.0
index_25403,3.0
index_25404,2.0
index_25405,3.0
index_25406,3.0
index_25407,3.0
index_25408,2.0
index_25409,4.0
index_25410,3.0
index_25411,4.0
index_25412,4.0
index_25413,1.0
index_25414,1.0
index_25415,5.0
index_25416,1.0
index_25417,3.0
index_25418,1.0
index_25419,2.0
index_25420,3.0
index_25421,1.0
index_25422,2.0
index_25423,2.0
index_25424,4.0
index_25425,1.0
index_25426,2.0
index_25427,4.0
index_25428,1.0
index_25429,1.0
index_25430,4.0
index_25431,2.0
index_25432,3.0
index_25433,2.0
index_25434,3.0
index_25435,1.0
index_25436,5.0
index_25437,5.0
index_25438,5.0
index_25439,4.0
index_25440,2.0
index_25441,1.0
index_25442,1.0
index_25443,1.0
index_25444,1.0
index_25445,2.0
index_25446,1.0
index_25447,1.0
index_25448,1.0
index_25449,2.0
index_25450,5.0
index_25451,3.0
index_25452,4.0
index_25453,3.0
index_25454,5.0
index_25455,1.0
index_25456,4.0
index_25457,3.0
index_25458,3.0
index_25459,5.0
index_25460,4.0
index_25461,2.0
index_25462,1.0
index_25463,2.0
index_25464,1.0
index_25465,4.0
index_25466,3.0
index_25467,1.0
index_25468,5.0
index_25469,4.0
index_25470,3.0
index_25471,5.0
index_25472,2.0
index_25473,3.0
index_25474,3.0
index_25475,5.0
index_25476,5.0
index_25477,5.0
index_25478,4.0
index_25479,2.0
index_25480,5.0
index_25481,2.0
index_25482,2.0
index_25483,3.0
index_25484,5.0
index_25485,2.0
index_25486,2.0
index_25487,5.0
index_25488,4.0
index_25489,4.0
index_25490,5.0
index_25491,1.0
index_25492,2.0
index_25493,4.0
index_25494,3.0
index_25495,3.0
index_25496,5.0
index_25497,5.0
index_25498,5.0
index_25499,5.0
index_25500,5.0
index_25501,1.0
index_25502,5.0
index_25503,3.0
index_25504,3.0
index_25505,2.0
index_25506,3.0
index_25507,1.0
index_25508,2.0
index_25509,4.0
index_25510,2.0
index_25511,2.0
index_25512,1.0
index_25513,2.0
index_25514,4.0
index_25515,1.0
index_25516,5.0
index_25517,5.0
index_25518,3.0
index_25519,1.0
index_25520,4.0
index_25521,3.0
index_25522,2.0
index_25523,2.0
index_25524,4.0
index_25525,4.0
index_25526,5.0
index_25527,2.0
index_25528,2.0
index_25529,3.0
index_25530,3.0
index_25531,2.0
index_25532,2.0
index_25533,5.0
index_25534,5.0
index_25535,3.0
index_25536,2.0
index_25537,3.0
index_25538,2.0
index_25539,5.0
index_25540,2.0
index_25541,3.0
index_25542,5.0
index_25543,1.0
index_25544,2.0
index_25545,3.0
index_25546,4.0
index_25547,2.0
index_25548,1.0
index_25549,2.0
index_25550,3.0
index_25551,2.0
index_25552,4.0
index_25553,5.0
index_25554,1.0
index_25555,5.0
index_25556,1.0
index_25557,5.0
index_25558,1.0
index_25559,2.0
index_25560,5.0
index_25561,4.0
index_25562,5.0
index_25563,1.0
index_25564,5.0
index_25565,3.0
index_25566,2.0
index_25567,5.0
index_25568,1.0
index_25569,1.0
index_25570,1.0
index_25571,2.0
index_25572,2.0
index_25573,2.0
index_25574,1.0
index_25575,2.0
index_25576,5.0
index_25577,1.0
index_25578,5.0
index_25579,3.0
index_25580,4.0
index_25581,5.0
index_25582,5.0
index_25583,2.0
index_25584,3.0
index_25585,4.0
index_25586,1.0
index_25587,5.0
index_25588,3.0
index_25589,1.0
index_25590,1.0
index_25591,4.0
index_25592,1.0
index_25593,4.0
index_25594,1.0
index_25595,4.0
index_25596,2.0
index_25597,2.0
index_25598,2.0
index_25599,3.0
index_25600,3.0
index_25601,2.0
index_25602,2.0
index_25603,5.0
index_25604,1.0
index_25605,1.0
index_25606,5.0
index_25607,2.0
index_25608,4.0
index_25609,5.0
index_25610,1.0
index_25611,5.0
index_25612,3.0
index_25613,1.0
index_25614,3.0
index_25615,4.0
index_25616,3.0
index_25617,4.0
index_25618,1.0
index_25619,3.0
index_25620,3.0
index_25621,2.0
index_25622,4.0
index_25623,2.0
index_25624,2.0
index_25625,1.0
index_25626,3.0
index_25627,5.0
index_25628,5.0
index_25629,1.0
index_25630,3.0
index_25631,4.0
index_25632,1.0
index_25633,3.0
index_25634,1.0
index_25635,1.0
index_25636,4.0
index_25637,3.0
index_25638,5.0
index_25639,2.0
index_25640,4.0
index_25641,5.0
index_25642,5.0
index_25643,3.0
index_25644,5.0
index_25645,2.0
index_25646,2.0
index_25647,5.0
index_25648,3.0
index_25649,1.0
index_25650,3.0
index_25651,5.0
index_25652,2.0
index_25653,3.0
index_25654,1.0
index_25655,2.0
index_25656,5.0
index_25657,4.0
index_25658,2.0
index_25659,2.0
index_25660,2.0
index_25661,4.0
index_25662,4.0
index_25663,1.0
index_25664,1.0
index_25665,5.0
index_25666,3.0
index_25667,2.0
index_25668,5.0
index_25669,1.0
index_25670,4.0
index_25671,5.0
index_25672,1.0
index_25673,1.0
index_25674,2.0
index_25675,5.0
index_25676,5.0
index_25677,4.0
index_25678,3.0
index_25679,5.0
index_25680,3.0
index_25681,5.0
index_25682,5.0
index_25683,1.0
index_25684,4.0
index_25685,3.0
index_25686,3.0
index_25687,1.0
index_25688,3.0
index_25689,5.0
index_25690,3.0
index_25691,1.0
index_25692,4.0
index_25693,2.0
index_25694,5.0
index_25695,3.0
index_25696,5.0
index_25697,1.0
index_25698,1.0
index_25699,4.0
index_25700,3.0
index_25701,3.0
index_25702,1.0
index_25703,5.0
index_25704,2.0
index_25705,3.0
index_25706,3.0
index_25707,2.0
index_25708,5.0
index_25709,2.0
index_25710,1.0
index_25711,4.0
index_25712,1.0
index_25713,4.0
index_25714,3.0
index_25715,1.0
index_25716,1.0
index_25717,3.0
index_25718,3.0
index_25719,1.0
index_25720,5.0
index_25721,5.0
index_25722,4.0
index_25723,4.0
index_25724,3.0
index_25725,1.0
index_25726,2.0
index_25727,2.0
index_25728,2.0
index_25729,1.0
index_25730,2.0
index_25731,1.0
index_25732,5.0
index_25733,5.0
index_25734,2.0
index_25735,4.0
index_25736,4.0
index_25737,1.0
index_25738,2.0
index_25739,4.0
index_25740,3.0
index_25741,2.0
index_25742,1.0
index_25743,2.0
index_25744,3.0
index_25745,1.0
index_25746,4.0
index_25747,3.0
index_25748,1.0
index_25749,4.0
index_25750,5.0
index_25751,4.0
index_25752,2.0
index_25753,5.0
index_25754,5.0
index_25755,4.0
index_25756,1.0
index_25757,5.0
index_25758,5.0
index_25759,4.0
index_25760,4.0
index_25761,1.0
index_25762,3.0
index_25763,3.0
index_25764,5.0
index_25765,2.0
index_25766,2.0
index_25767,2.0
index_25768,5.0
index_25769,5.0
index_25770,5.0
index_25771,4.0
index_25772,1.0
index_25773,3.0
index_25774,5.0
index_25775,3.0
index_25776,1.0
index_25777,1.0
index_25778,5.0
index_25779,2.0
index_25780,4.0
index_25781,5.0
index_25782,2.0
index_25783,4.0
index_25784,5.0
index_25785,4.0
index_25786,5.0
index_25787,2.0
index_25788,3.0
index_25789,5.0
index_25790,5.0
index_25791,2.0
index_25792,4.0
index_25793,1.0
index_25794,5.0
index_25795,5.0
index_25796,3.0
index_25797,2.0
index_25798,3.0
index_25799,3.0
index_25800,1.0
index_25801,5.0
index_25802,5.0
index_25803,5.0
index_25804,3.0
index_25805,5.0
index_25806,5.0
index_25807,5.0
index_25808,5.0
index_25809,3.0
index_25810,3.0
index_25811,2.0
index_25812,1.0
index_25813,4.0
index_25814,2.0
index_25815,3.0
index_25816,5.0
index_25817,5.0
index_25818,1.0
index_25819,4.0
index_25820,4.0
index_25821,5.0
index_25822,3.0
index_25823,3.0
index_25824,1.0
index_25825,3.0
index_25826,4.0
index_25827,2.0
index_25828,1.0
index_25829,5.0
index_25830,5.0
index_25831,3.0
index_25832,4.0
index_25833,3.0
index_25834,3.0
index_25835,3.0
index_25836,4.0
index_25837,1.0
index_25838,2.0
index_25839,5.0
index_25840,2.0
index_25841,1.0
index_25842,4.0
index_25843,4.0
index_25844,1.0
index_25845,2.0
index_25846,4.0
index_25847,1.0
index_25848,5.0
index_25849,2.0
index_25850,5.0
index_25851,2.0
index_25852,3.0
index_25853,3.0
index_25854,3.0
index_25855,2.0
index_25856,5.0
index_25857,3.0
index_25858,4.0
index_25859,1.0
index_25860,3.0
index_25861,3.0
index_25862,1.0
index_25863,5.0
index_25864,4.0
index_25865,1.0
index_25866,1.0
index_25867,2.0
index_25868,4.0
index_25869,1.0
index_25870,1.0
index_25871,2.0
index_25872,1.0
index_25873,4.0
index_25874,5.0
index_25875,1.0
index_25876,4.0
index_25877,5.0
index_25878,4.0
index_25879,1.0
index_25880,5.0
index_25881,2.0
index_25882,1.0
index_25883,5.0
index_25884,1.0
index_25885,3.0
index_25886,5.0
index_25887,4.0
index_25888,1.0
index_25889,3.0
index_25890,5.0
index_25891,2.0
index_25892,1.0
index_25893,2.0
index_25894,5.0
index_25895,3.0
index_25896,1.0
index_25897,3.0
index_25898,2.0
index_25899,3.0
index_25900,1.0
index_25901,1.0
index_25902,3.0
index_25903,3.0
index_25904,4.0
index_25905,5.0
index_25906,5.0
index_25907,2.0
index_25908,4.0
index_25909,5.0
index_25910,2.0
index_25911,1.0
index_25912,2.0
index_25913,5.0
index_25914,5.0
index_25915,3.0
index_25916,5.0
index_25917,5.0
index_25918,4.0
index_25919,2.0
index_25920,4.0
index_25921,2.0
index_25922,1.0
index_25923,5.0
index_25924,1.0
index_25925,2.0
index_25926,4.0
index_25927,4.0
index_25928,1.0
index_25929,5.0
index_25930,5.0
index_25931,1.0
index_25932,1.0
index_25933,2.0
index_25934,4.0
index_25935,1.0
index_25936,2.0
index_25937,1.0
index_25938,1.0
index_25939,3.0
index_25940,2.0
index_25941,3.0
index_25942,4.0
index_25943,2.0
index_25944,1.0
index_25945,1.0
index_25946,1.0
index_25947,3.0
index_25948,3.0
index_25949,5.0
index_25950,1.0
index_25951,3.0
index_25952,5.0
index_25953,2.0
index_25954,5.0
index_25955,1.0
index_25956,3.0
index_25957,1.0
index_25958,2.0
index_25959,2.0
index_25960,2.0
index_25961,2.0
index_25962,5.0
index_25963,5.0
index_25964,3.0
index_25965,5.0
index_25966,4.0
index_25967,3.0
index_25968,4.0
index_25969,1.0
index_25970,3.0
index_25971,4.0
index_25972,1.0
index_25973,5.0
index_25974,5.0
index_25975,3.0
index_25976,2.0
index_25977,3.0
index_25978,1.0
index_25979,4.0
index_25980,1.0
index_25981,5.0
index_25982,5.0
index_25983,4.0
index_25984,2.0
index_25985,5.0
index_25986,4.0
index_25987,2.0
index_25988,1.0
index_25989,4.0
index_25990,3.0
index_25991,5.0
index_25992,1.0
index_25993,2.0
index_25994,3.0
index_25995,5.0
index_25996,1.0
index_25997,2.0
index_25998,2.0
index_25999,3.0
index_26000,2.0
index_26001,2.0
index_26002,4.0
index_26003,5.0
index_26004,2.0
index_26005,1.0
index_26006,3.0
index_26007,5.0
index_26008,1.0
index_26009,2.0
index_26010,5.0
index_26011,1.0
index_26012,2.0
index_26013,5.0
index_26014,2.0
index_26015,1.0
index_26016,3.0
index_26017,5.0
index_26018,3.0
index_26019,3.0
index_26020,5.0
index_26021,3.0
index_26022,4.0
index_26023,2.0
index_26024,5.0
index_26025,2.0
index_26026,5.0
index_26027,5.0
index_26028,3.0
index_26029,5.0
index_26030,5.0
index_26031,4.0
index_26032,2.0
index_26033,3.0
index_26034,5.0
index_26035,2.0
index_26036,5.0
index_26037,3.0
index_26038,4.0
index_26039,1.0
index_26040,1.0
index_26041,3.0
index_26042,1.0
index_26043,5.0
index_26044,5.0
index_26045,5.0
index_26046,3.0
index_26047,1.0
index_26048,2.0
index_26049,3.0
index_26050,4.0
index_26051,5.0
index_26052,1.0
index_26053,2.0
index_26054,1.0
index_26055,4.0
index_26056,2.0
index_26057,2.0
index_26058,5.0
index_26059,4.0
index_26060,1.0
index_26061,1.0
index_26062,4.0
index_26063,2.0
index_26064,5.0
index_26065,3.0
index_26066,2.0
index_26067,3.0
index_26068,1.0
index_26069,2.0
index_26070,4.0
index_26071,2.0
index_26072,3.0
index_26073,5.0
index_26074,3.0
index_26075,5.0
index_26076,3.0
index_26077,5.0
index_26078,2.0
index_26079,2.0
index_26080,3.0
index_26081,4.0
index_26082,5.0
index_26083,5.0
index_26084,2.0
index_26085,5.0
index_26086,1.0
index_26087,4.0
index_26088,1.0
index_26089,1.0
index_26090,3.0
index_26091,3.0
index_26092,2.0
index_26093,5.0
index_26094,3.0
index_26095,2.0
index_26096,3.0
index_26097,2.0
index_26098,3.0
index_26099,1.0
index_26100,2.0
index_26101,4.0
index_26102,2.0
index_26103,4.0
index_26104,4.0
index_26105,5.0
index_26106,1.0
index_26107,2.0
index_26108,1.0
index_26109,4.0
index_26110,3.0
index_26111,5.0
index_26112,5.0
index_26113,5.0
index_26114,4.0
index_26115,3.0
index_26116,3.0
index_26117,4.0
index_26118,4.0
index_26119,4.0
index_26120,2.0
index_26121,4.0
index_26122,3.0
index_26123,2.0
index_26124,4.0
index_26125,1.0
index_26126,5.0
index_26127,1.0
index_26128,1.0
index_26129,2.0
index_26130,2.0
index_26131,4.0
index_26132,2.0
index_26133,4.0
index_26134,3.0
index_26135,5.0
index_26136,1.0
index_26137,3.0
index_26138,5.0
index_26139,4.0
index_26140,3.0
index_26141,5.0
index_26142,3.0
index_26143,2.0
index_26144,5.0
index_26145,4.0
index_26146,5.0
index_26147,3.0
index_26148,3.0
index_26149,1.0
index_26150,3.0
index_26151,4.0
index_26152,4.0
index_26153,2.0
index_26154,4.0
index_26155,1.0
index_26156,4.0
index_26157,4.0
index_26158,2.0
index_26159,1.0
index_26160,3.0
index_26161,2.0
index_26162,5.0
index_26163,4.0
index_26164,5.0
index_26165,5.0
index_26166,3.0
index_26167,3.0
index_26168,2.0
index_26169,5.0
index_26170,2.0
index_26171,3.0
index_26172,3.0
index_26173,1.0
index_26174,4.0
index_26175,3.0
index_26176,3.0
index_26177,4.0
index_26178,4.0
index_26179,4.0
index_26180,4.0
index_26181,5.0
index_26182,2.0
index_26183,3.0
index_26184,5.0
index_26185,4.0
index_26186,4.0
index_26187,2.0
index_26188,3.0
index_26189,2.0
index_26190,4.0
index_26191,3.0
index_26192,4.0
index_26193,1.0
index_26194,3.0
index_26195,5.0
index_26196,4.0
index_26197,5.0
index_26198,5.0
index_26199,4.0
index_26200,5.0
index_26201,1.0
index_26202,2.0
index_26203,3.0
index_26204,4.0
index_26205,4.0
index_26206,2.0
index_26207,1.0
index_26208,1.0
index_26209,4.0
index_26210,1.0
index_26211,3.0
index_26212,3.0
index_26213,2.0
index_26214,1.0
index_26215,2.0
index_26216,3.0
index_26217,3.0
index_26218,5.0
index_26219,5.0
index_26220,2.0
index_26221,5.0
index_26222,5.0
index_26223,3.0
index_26224,1.0
index_26225,3.0
index_26226,3.0
index_26227,1.0
index_26228,5.0
index_26229,1.0
index_26230,1.0
index_26231,2.0
index_26232,1.0
index_26233,2.0
index_26234,5.0
index_26235,2.0
index_26236,3.0
index_26237,5.0
index_26238,5.0
index_26239,3.0
index_26240,1.0
index_26241,1.0
index_26242,5.0
index_26243,4.0
index_26244,4.0
index_26245,2.0
index_26246,3.0
index_26247,4.0
index_26248,4.0
index_26249,5.0
index_26250,4.0
index_26251,3.0
index_26252,5.0
index_26253,3.0
index_26254,3.0
index_26255,1.0
index_26256,1.0
index_26257,3.0
index_26258,4.0
index_26259,2.0
index_26260,2.0
index_26261,2.0
index_26262,2.0
index_26263,5.0
index_26264,4.0
index_26265,1.0
index_26266,3.0
index_26267,3.0
index_26268,4.0
index_26269,4.0
index_26270,4.0
index_26271,4.0
index_26272,2.0
index_26273,3.0
index_26274,5.0
index_26275,5.0
index_26276,1.0
index_26277,5.0
index_26278,2.0
index_26279,5.0
index_26280,1.0
index_26281,5.0
index_26282,3.0
index_26283,2.0
index_26284,4.0
index_26285,3.0
index_26286,2.0
index_26287,3.0
index_26288,2.0
index_26289,4.0
index_26290,1.0
index_26291,3.0
index_26292,2.0
index_26293,1.0
index_26294,5.0
index_26295,5.0
index_26296,1.0
index_26297,3.0
index_26298,3.0
index_26299,1.0
index_26300,3.0
index_26301,5.0
index_26302,4.0
index_26303,1.0
index_26304,4.0
index_26305,5.0
index_26306,4.0
index_26307,1.0
index_26308,4.0
index_26309,1.0
index_26310,3.0
index_26311,5.0
index_26312,3.0
index_26313,3.0
index_26314,1.0
index_26315,2.0
index_26316,3.0
index_26317,2.0
index_26318,5.0
index_26319,4.0
index_26320,1.0
index_26321,5.0
index_26322,4.0
index_26323,4.0
index_26324,2.0
index_26325,3.0
index_26326,3.0
index_26327,2.0
index_26328,3.0
index_26329,5.0
index_26330,1.0
index_26331,4.0
index_26332,1.0
index_26333,5.0
index_26334,4.0
index_26335,1.0
index_26336,2.0
index_26337,3.0
index_26338,5.0
index_26339,1.0
index_26340,1.0
index_26341,5.0
index_26342,2.0
index_26343,1.0
index_26344,5.0
index_26345,4.0
index_26346,4.0
index_26347,1.0
index_26348,4.0
index_26349,4.0
index_26350,2.0
index_26351,3.0
index_26352,2.0
index_26353,3.0
index_26354,2.0
index_26355,1.0
index_26356,5.0
index_26357,5.0
index_26358,3.0
index_26359,2.0
index_26360,3.0
index_26361,4.0
index_26362,3.0
index_26363,2.0
index_26364,5.0
index_26365,2.0
index_26366,1.0
index_26367,2.0
index_26368,2.0
index_26369,1.0
index_26370,4.0
index_26371,5.0
index_26372,4.0
index_26373,1.0
index_26374,3.0
index_26375,1.0
index_26376,2.0
index_26377,5.0
index_26378,3.0
index_26379,5.0
index_26380,2.0
index_26381,4.0
index_26382,4.0
index_26383,1.0
index_26384,1.0
index_26385,5.0
index_26386,4.0
index_26387,5.0
index_26388,2.0
index_26389,1.0
index_26390,1.0
index_26391,3.0
index_26392,1.0
index_26393,3.0
index_26394,2.0
index_26395,2.0
index_26396,3.0
index_26397,1.0
index_26398,5.0
index_26399,5.0
index_26400,1.0
index_26401,4.0
index_26402,1.0
index_26403,3.0
index_26404,5.0
index_26405,2.0
index_26406,2.0
index_26407,4.0
index_26408,5.0
index_26409,3.0
index_26410,4.0
index_26411,3.0
index_26412,3.0
index_26413,1.0
index_26414,5.0
index_26415,3.0
index_26416,4.0
index_26417,2.0
index_26418,5.0
index_26419,3.0
index_26420,3.0
index_26421,4.0
index_26422,3.0
index_26423,1.0
index_26424,3.0
index_26425,1.0
index_26426,5.0
index_26427,3.0
index_26428,4.0
index_26429,3.0
index_26430,1.0
index_26431,2.0
index_26432,1.0
index_26433,4.0
index_26434,4.0
index_26435,5.0
index_26436,2.0
index_26437,5.0
index_26438,2.0
index_26439,3.0
index_26440,4.0
index_26441,3.0
index_26442,1.0
index_26443,1.0
index_26444,3.0
index_26445,5.0
index_26446,5.0
index_26447,2.0
index_26448,5.0
index_26449,5.0
index_26450,4.0
index_26451,4.0
index_26452,3.0
index_26453,4.0
index_26454,1.0
index_26455,2.0
index_26456,3.0
index_26457,5.0
index_26458,2.0
index_26459,5.0
index_26460,3.0
index_26461,4.0
index_26462,5.0
index_26463,1.0
index_26464,4.0
index_26465,4.0
index_26466,3.0
index_26467,5.0
index_26468,5.0
index_26469,2.0
index_26470,1.0
index_26471,2.0
index_26472,5.0
index_26473,2.0
index_26474,2.0
index_26475,1.0
index_26476,1.0
index_26477,5.0
index_26478,1.0
index_26479,2.0
index_26480,3.0
index_26481,1.0
index_26482,4.0
index_26483,5.0
index_26484,5.0
index_26485,5.0
index_26486,5.0
index_26487,2.0
index_26488,3.0
index_26489,4.0
index_26490,1.0
index_26491,1.0
index_26492,2.0
index_26493,5.0
index_26494,1.0
index_26495,2.0
index_26496,5.0
index_26497,2.0
index_26498,2.0
index_26499,2.0
index_26500,4.0
index_26501,2.0
index_26502,4.0
index_26503,2.0
index_26504,5.0
index_26505,4.0
index_26506,4.0
index_26507,3.0
index_26508,3.0
index_26509,4.0
index_26510,1.0
index_26511,2.0
index_26512,5.0
index_26513,3.0
index_26514,5.0
index_26515,3.0
index_26516,5.0
index_26517,2.0
index_26518,5.0
index_26519,3.0
index_26520,3.0
index_26521,2.0
index_26522,3.0
index_26523,1.0
index_26524,3.0
index_26525,1.0
index_26526,4.0
index_26527,4.0
index_26528,4.0
index_26529,4.0
index_26530,5.0
index_26531,3.0
index_26532,1.0
index_26533,2.0
index_26534,4.0
index_26535,1.0
index_26536,3.0
index_26537,3.0
index_26538,5.0
index_26539,2.0
index_26540,5.0
index_26541,5.0
index_26542,3.0
index_26543,3.0
index_26544,1.0
index_26545,4.0
index_26546,3.0
index_26547,1.0
index_26548,2.0
index_26549,2.0
index_26550,3.0
index_26551,3.0
index_26552,3.0
index_26553,5.0
index_26554,4.0
index_26555,1.0
index_26556,5.0
index_26557,3.0
index_26558,2.0
index_26559,5.0
index_26560,2.0
index_26561,4.0
index_26562,4.0
index_26563,4.0
index_26564,3.0
index_26565,5.0
index_26566,2.0
index_26567,1.0
index_26568,4.0
index_26569,2.0
index_26570,3.0
index_26571,4.0
index_26572,1.0
index_26573,3.0
index_26574,1.0
index_26575,5.0
index_26576,4.0
index_26577,2.0
index_26578,5.0
index_26579,1.0
index_26580,5.0
index_26581,3.0
index_26582,3.0
index_26583,2.0
index_26584,5.0
index_26585,4.0
index_26586,1.0
index_26587,4.0
index_26588,1.0
index_26589,4.0
index_26590,1.0
index_26591,3.0
index_26592,5.0
index_26593,5.0
index_26594,4.0
index_26595,5.0
index_26596,2.0
index_26597,4.0
index_26598,2.0
index_26599,2.0
index_26600,2.0
index_26601,4.0
index_26602,1.0
index_26603,3.0
index_26604,1.0
index_26605,2.0
index_26606,5.0
index_26607,4.0
index_26608,3.0
index_26609,4.0
index_26610,2.0
index_26611,1.0
index_26612,2.0
index_26613,5.0
index_26614,5.0
index_26615,3.0
index_26616,1.0
index_26617,3.0
index_26618,5.0
index_26619,3.0
index_26620,2.0
index_26621,2.0
index_26622,1.0
index_26623,2.0
index_26624,1.0
index_26625,2.0
index_26626,5.0
index_26627,5.0
index_26628,3.0
index_26629,4.0
index_26630,4.0
index_26631,5.0
index_26632,5.0
index_26633,3.0
index_26634,2.0
index_26635,2.0
index_26636,1.0
index_26637,3.0
index_26638,3.0
index_26639,5.0
index_26640,4.0
index_26641,4.0
index_26642,1.0
index_26643,4.0
index_26644,3.0
index_26645,2.0
index_26646,2.0
index_26647,3.0
index_26648,5.0
index_26649,3.0
index_26650,5.0
index_26651,1.0
index_26652,3.0
index_26653,3.0
index_26654,3.0
index_26655,3.0
index_26656,3.0
index_26657,1.0
index_26658,2.0
index_26659,4.0
index_26660,2.0
index_26661,1.0
index_26662,4.0
index_26663,4.0
index_26664,2.0
index_26665,4.0
index_26666,3.0
index_26667,4.0
index_26668,3.0
index_26669,1.0
index_26670,3.0
index_26671,4.0
index_26672,3.0
index_26673,3.0
index_26674,2.0
index_26675,4.0
index_26676,2.0
index_26677,1.0
index_26678,2.0
index_26679,5.0
index_26680,3.0
index_26681,5.0
index_26682,4.0
index_26683,1.0
index_26684,2.0
index_26685,5.0
index_26686,3.0
index_26687,2.0
index_26688,5.0
index_26689,4.0
index_26690,1.0
index_26691,2.0
index_26692,3.0
index_26693,4.0
index_26694,5.0
index_26695,4.0
index_26696,2.0
index_26697,4.0
index_26698,2.0
index_26699,4.0
index_26700,1.0
index_26701,2.0
index_26702,4.0
index_26703,5.0
index_26704,2.0
index_26705,5.0
index_26706,3.0
index_26707,3.0
index_26708,3.0
index_26709,4.0
index_26710,2.0
index_26711,1.0
index_26712,1.0
index_26713,5.0
index_26714,2.0
index_26715,5.0
index_26716,2.0
index_26717,5.0
index_26718,5.0
index_26719,2.0
index_26720,3.0
index_26721,4.0
index_26722,4.0
index_26723,2.0
index_26724,1.0
index_26725,2.0
index_26726,2.0
index_26727,1.0
index_26728,2.0
index_26729,3.0
index_26730,5.0
index_26731,2.0
index_26732,1.0
index_26733,2.0
index_26734,1.0
index_26735,5.0
index_26736,3.0
index_26737,2.0
index_26738,3.0
index_26739,1.0
index_26740,5.0
index_26741,5.0
index_26742,2.0
index_26743,4.0
index_26744,3.0
index_26745,5.0
index_26746,5.0
index_26747,2.0
index_26748,3.0
index_26749,4.0
index_26750,4.0
index_26751,1.0
index_26752,3.0
index_26753,1.0
index_26754,4.0
index_26755,1.0
index_26756,4.0
index_26757,1.0
index_26758,5.0
index_26759,3.0
index_26760,4.0
index_26761,2.0
index_26762,3.0
index_26763,1.0
index_26764,3.0
index_26765,5.0
index_26766,4.0
index_26767,3.0
index_26768,1.0
index_26769,1.0
index_26770,1.0
index_26771,3.0
index_26772,5.0
index_26773,4.0
index_26774,1.0
index_26775,4.0
index_26776,4.0
index_26777,5.0
index_26778,2.0
index_26779,3.0
index_26780,1.0
index_26781,1.0
index_26782,3.0
index_26783,2.0
index_26784,4.0
index_26785,5.0
index_26786,4.0
index_26787,3.0
index_26788,4.0
index_26789,2.0
index_26790,4.0
index_26791,2.0
index_26792,2.0
index_26793,3.0
index_26794,5.0
index_26795,3.0
index_26796,1.0
index_26797,5.0
index_26798,4.0
index_26799,4.0
index_26800,2.0
index_26801,4.0
index_26802,1.0
index_26803,5.0
index_26804,2.0
index_26805,2.0
index_26806,5.0
index_26807,3.0
index_26808,2.0
index_26809,4.0
index_26810,5.0
index_26811,3.0
index_26812,3.0
index_26813,3.0
index_26814,3.0
index_26815,5.0
index_26816,4.0
index_26817,1.0
index_26818,2.0
index_26819,3.0
index_26820,2.0
index_26821,3.0
index_26822,5.0
index_26823,3.0
index_26824,3.0
index_26825,5.0
index_26826,3.0
index_26827,5.0
index_26828,1.0
index_26829,5.0
index_26830,2.0
index_26831,4.0
index_26832,1.0
index_26833,5.0
index_26834,4.0
index_26835,3.0
index_26836,5.0
index_26837,5.0
index_26838,3.0
index_26839,3.0
index_26840,3.0
index_26841,1.0
index_26842,5.0
index_26843,2.0
index_26844,1.0
index_26845,1.0
index_26846,3.0
index_26847,1.0
index_26848,1.0
index_26849,1.0
index_26850,5.0
index_26851,5.0
index_26852,4.0
index_26853,1.0
index_26854,3.0
index_26855,2.0
index_26856,1.0
index_26857,1.0
index_26858,5.0
index_26859,1.0
index_26860,4.0
index_26861,3.0
index_26862,3.0
index_26863,1.0
index_26864,5.0
index_26865,4.0
index_26866,3.0
index_26867,4.0
index_26868,4.0
index_26869,2.0
index_26870,5.0
index_26871,1.0
index_26872,5.0
index_26873,2.0
index_26874,3.0
index_26875,2.0
index_26876,5.0
index_26877,3.0
index_26878,3.0
index_26879,3.0
index_26880,1.0
index_26881,2.0
index_26882,5.0
index_26883,1.0
index_26884,4.0
index_26885,3.0
index_26886,2.0
index_26887,5.0
index_26888,3.0
index_26889,1.0
index_26890,1.0
index_26891,5.0
index_26892,5.0
index_26893,3.0
index_26894,1.0
index_26895,3.0
index_26896,2.0
index_26897,5.0
index_26898,3.0
index_26899,1.0
index_26900,3.0
index_26901,2.0
index_26902,1.0
index_26903,3.0
index_26904,5.0
index_26905,3.0
index_26906,2.0
index_26907,2.0
index_26908,3.0
index_26909,1.0
index_26910,4.0
index_26911,5.0
index_26912,4.0
index_26913,4.0
index_26914,4.0
index_26915,2.0
index_26916,1.0
index_26917,1.0
index_26918,1.0
index_26919,2.0
index_26920,4.0
index_26921,5.0
index_26922,2.0
index_26923,2.0
index_26924,2.0
index_26925,3.0
index_26926,4.0
index_26927,2.0
index_26928,3.0
index_26929,5.0
index_26930,4.0
index_26931,2.0
index_26932,5.0
index_26933,1.0
index_26934,5.0
index_26935,4.0
index_26936,4.0
index_26937,4.0
index_26938,2.0
index_26939,5.0
index_26940,3.0
index_26941,5.0
index_26942,1.0
index_26943,2.0
index_26944,5.0
index_26945,4.0
index_26946,2.0
index_26947,3.0
index_26948,4.0
index_26949,1.0
index_26950,3.0
index_26951,2.0
index_26952,3.0
index_26953,1.0
index_26954,5.0
index_26955,1.0
index_26956,3.0
index_26957,3.0
index_26958,1.0
index_26959,1.0
index_26960,1.0
index_26961,1.0
index_26962,4.0
index_26963,4.0
index_26964,4.0
index_26965,5.0
index_26966,5.0
index_26967,4.0
index_26968,4.0
index_26969,3.0
index_26970,3.0
index_26971,3.0
index_26972,1.0
index_26973,4.0
index_26974,1.0
index_26975,1.0
index_26976,5.0
index_26977,1.0
index_26978,2.0
index_26979,1.0
index_26980,5.0
index_26981,3.0
index_26982,5.0
index_26983,3.0
index_26984,2.0
index_26985,4.0
index_26986,4.0
index_26987,5.0
index_26988,1.0
index_26989,2.0
index_26990,2.0
index_26991,2.0
index_26992,3.0
index_26993,4.0
index_26994,2.0
index_26995,2.0
index_26996,5.0
index_26997,5.0
index_26998,3.0
index_26999,1.0
index_27000,5.0
index_27001,2.0
index_27002,5.0
index_27003,4.0
index_27004,4.0
index_27005,2.0
index_27006,2.0
index_27007,5.0
index_27008,1.0
index_27009,5.0
index_27010,1.0
index_27011,3.0
index_27012,3.0
index_27013,5.0
index_27014,4.0
index_27015,3.0
index_27016,5.0
index_27017,2.0
index_27018,1.0
index_27019,5.0
index_27020,3.0
index_27021,4.0
index_27022,3.0
index_27023,2.0
index_27024,4.0
index_27025,3.0
index_27026,5.0
index_27027,5.0
index_27028,3.0
index_27029,5.0
index_27030,4.0
index_27031,1.0
index_27032,5.0
index_27033,5.0
index_27034,2.0
index_27035,2.0
index_27036,5.0
index_27037,3.0
index_27038,3.0
index_27039,2.0
index_27040,3.0
index_27041,4.0
index_27042,1.0
index_27043,5.0
index_27044,4.0
index_27045,5.0
index_27046,2.0
index_27047,4.0
index_27048,1.0
index_27049,4.0
index_27050,1.0
index_27051,3.0
index_27052,5.0
index_27053,5.0
index_27054,3.0
index_27055,3.0
index_27056,3.0
index_27057,2.0
index_27058,2.0
index_27059,5.0
index_27060,5.0
index_27061,3.0
index_27062,1.0
index_27063,2.0
index_27064,1.0
index_27065,4.0
index_27066,5.0
index_27067,5.0
index_27068,2.0
index_27069,1.0
index_27070,3.0
index_27071,2.0
index_27072,2.0
index_27073,3.0
index_27074,5.0
index_27075,1.0
index_27076,2.0
index_27077,4.0
index_27078,1.0
index_27079,3.0
index_27080,1.0
index_27081,2.0
index_27082,5.0
index_27083,3.0
index_27084,1.0
index_27085,2.0
index_27086,2.0
index_27087,2.0
index_27088,4.0
index_27089,5.0
index_27090,2.0
index_27091,5.0
index_27092,2.0
index_27093,1.0
index_27094,5.0
index_27095,1.0
index_27096,4.0
index_27097,4.0
index_27098,5.0
index_27099,5.0
index_27100,1.0
index_27101,3.0
index_27102,5.0
index_27103,2.0
index_27104,5.0
index_27105,3.0
index_27106,1.0
index_27107,1.0
index_27108,3.0
index_27109,3.0
index_27110,3.0
index_27111,1.0
index_27112,4.0
index_27113,1.0
index_27114,2.0
index_27115,5.0
index_27116,2.0
index_27117,3.0
index_27118,4.0
index_27119,3.0
index_27120,2.0
index_27121,3.0
index_27122,2.0
index_27123,4.0
index_27124,2.0
index_27125,1.0
index_27126,1.0
index_27127,5.0
index_27128,5.0
index_27129,4.0
index_27130,2.0
index_27131,5.0
index_27132,2.0
index_27133,5.0
index_27134,4.0
index_27135,5.0
index_27136,1.0
index_27137,5.0
index_27138,3.0
index_27139,5.0
index_27140,4.0
index_27141,5.0
index_27142,1.0
index_27143,5.0
index_27144,4.0
index_27145,5.0
index_27146,1.0
index_27147,2.0
index_27148,2.0
index_27149,3.0
index_27150,4.0
index_27151,4.0
index_27152,2.0
index_27153,4.0
index_27154,2.0
index_27155,4.0
index_27156,3.0
index_27157,4.0
index_27158,1.0
index_27159,3.0
index_27160,3.0
index_27161,4.0
index_27162,5.0
index_27163,2.0
index_27164,5.0
index_27165,5.0
index_27166,3.0
index_27167,1.0
index_27168,5.0
index_27169,5.0
index_27170,1.0
index_27171,3.0
index_27172,5.0
index_27173,5.0
index_27174,5.0
index_27175,1.0
index_27176,1.0
index_27177,4.0
index_27178,2.0
index_27179,1.0
index_27180,3.0
index_27181,2.0
index_27182,5.0
index_27183,3.0
index_27184,3.0
index_27185,2.0
index_27186,3.0
index_27187,5.0
index_27188,5.0
index_27189,1.0
index_27190,3.0
index_27191,1.0
index_27192,5.0
index_27193,2.0
index_27194,2.0
index_27195,5.0
index_27196,2.0
index_27197,2.0
index_27198,4.0
index_27199,4.0
index_27200,4.0
index_27201,2.0
index_27202,5.0
index_27203,3.0
index_27204,2.0
index_27205,3.0
index_27206,1.0
index_27207,1.0
index_27208,2.0
index_27209,1.0
index_27210,1.0
index_27211,1.0
index_27212,5.0
index_27213,4.0
index_27214,5.0
index_27215,4.0
index_27216,4.0
index_27217,3.0
index_27218,3.0
index_27219,1.0
index_27220,5.0
index_27221,3.0
index_27222,1.0
index_27223,3.0
index_27224,1.0
index_27225,5.0
index_27226,2.0
index_27227,3.0
index_27228,3.0
index_27229,1.0
index_27230,1.0
index_27231,2.0
index_27232,5.0
index_27233,2.0
index_27234,5.0
index_27235,2.0
index_27236,5.0
index_27237,3.0
index_27238,2.0
index_27239,3.0
index_27240,4.0
index_27241,3.0
index_27242,5.0
index_27243,5.0
index_27244,3.0
index_27245,4.0
index_27246,1.0
index_27247,3.0
index_27248,5.0
index_27249,3.0
index_27250,3.0
index_27251,1.0
index_27252,2.0
index_27253,3.0
index_27254,5.0
index_27255,4.0
index_27256,1.0
index_27257,2.0
index_27258,4.0
index_27259,3.0
index_27260,4.0
index_27261,5.0
index_27262,3.0
index_27263,1.0
index_27264,3.0
index_27265,2.0
index_27266,3.0
index_27267,5.0
index_27268,4.0
index_27269,3.0
index_27270,1.0
index_27271,4.0
index_27272,3.0
index_27273,1.0
index_27274,5.0
index_27275,2.0
index_27276,2.0
index_27277,1.0
index_27278,4.0
index_27279,2.0
index_27280,1.0
index_27281,3.0
index_27282,1.0
index_27283,1.0
index_27284,4.0
index_27285,5.0
index_27286,2.0
index_27287,2.0
index_27288,3.0
index_27289,2.0
index_27290,5.0
index_27291,5.0
index_27292,5.0
index_27293,3.0
index_27294,3.0
index_27295,5.0
index_27296,5.0
index_27297,3.0
index_27298,2.0
index_27299,2.0
index_27300,3.0
index_27301,2.0
index_27302,5.0
index_27303,1.0
index_27304,1.0
index_27305,2.0
index_27306,3.0
index_27307,4.0
index_27308,2.0
index_27309,5.0
index_27310,4.0
index_27311,5.0
index_27312,1.0
index_27313,3.0
index_27314,2.0
index_27315,5.0
index_27316,5.0
index_27317,5.0
index_27318,2.0
index_27319,3.0
index_27320,2.0
index_27321,4.0
index_27322,1.0
index_27323,4.0
index_27324,5.0
index_27325,1.0
index_27326,2.0
index_27327,3.0
index_27328,1.0
index_27329,5.0
index_27330,4.0
index_27331,3.0
index_27332,4.0
index_27333,1.0
index_27334,1.0
index_27335,1.0
index_27336,5.0
index_27337,2.0
index_27338,5.0
index_27339,4.0
index_27340,4.0
index_27341,3.0
index_27342,3.0
index_27343,2.0
index_27344,2.0
index_27345,3.0
index_27346,4.0
index_27347,3.0
index_27348,3.0
index_27349,5.0
index_27350,2.0
index_27351,3.0
index_27352,5.0
index_27353,4.0
index_27354,2.0
index_27355,1.0
index_27356,5.0
index_27357,5.0
index_27358,1.0
index_27359,3.0
index_27360,1.0
index_27361,5.0
index_27362,2.0
index_27363,2.0
index_27364,2.0
index_27365,3.0
index_27366,3.0
index_27367,2.0
index_27368,2.0
index_27369,1.0
index_27370,4.0
index_27371,1.0
index_27372,3.0
index_27373,5.0
index_27374,1.0
index_27375,2.0
index_27376,5.0
index_27377,4.0
index_27378,3.0
index_27379,4.0
index_27380,4.0
index_27381,3.0
index_27382,1.0
index_27383,2.0
index_27384,1.0
index_27385,1.0
index_27386,5.0
index_27387,1.0
index_27388,5.0
index_27389,3.0
index_27390,2.0
index_27391,2.0
index_27392,4.0
index_27393,2.0
index_27394,3.0
index_27395,3.0
index_27396,2.0
index_27397,2.0
index_27398,2.0
index_27399,5.0
index_27400,1.0
index_27401,2.0
index_27402,5.0
index_27403,3.0
index_27404,4.0
index_27405,5.0
index_27406,5.0
index_27407,2.0
index_27408,3.0
index_27409,5.0
index_27410,1.0
index_27411,3.0
index_27412,1.0
index_27413,1.0
index_27414,3.0
index_27415,3.0
index_27416,2.0
index_27417,4.0
index_27418,1.0
index_27419,4.0
index_27420,3.0
index_27421,1.0
index_27422,5.0
index_27423,2.0
index_27424,5.0
index_27425,2.0
index_27426,2.0
index_27427,4.0
index_27428,1.0
index_27429,3.0
index_27430,5.0
index_27431,3.0
index_27432,2.0
index_27433,1.0
index_27434,4.0
index_27435,1.0
index_27436,2.0
index_27437,1.0
index_27438,3.0
index_27439,1.0
index_27440,3.0
index_27441,3.0
index_27442,5.0
index_27443,5.0
index_27444,5.0
index_27445,2.0
index_27446,2.0
index_27447,3.0
index_27448,5.0
index_27449,3.0
index_27450,5.0
index_27451,5.0
index_27452,3.0
index_27453,2.0
index_27454,2.0
index_27455,2.0
index_27456,3.0
index_27457,2.0
index_27458,1.0
index_27459,5.0
index_27460,4.0
index_27461,5.0
index_27462,2.0
index_27463,1.0
index_27464,5.0
index_27465,1.0
index_27466,1.0
index_27467,1.0
index_27468,5.0
index_27469,3.0
index_27470,5.0
index_27471,1.0
index_27472,1.0
index_27473,3.0
index_27474,2.0
index_27475,2.0
index_27476,2.0
index_27477,4.0
index_27478,4.0
index_27479,1.0
index_27480,5.0
index_27481,3.0
index_27482,4.0
index_27483,1.0
index_27484,5.0
index_27485,2.0
index_27486,2.0
index_27487,2.0
index_27488,2.0
index_27489,3.0
index_27490,2.0
index_27491,5.0
index_27492,5.0
index_27493,2.0
index_27494,3.0
index_27495,4.0
index_27496,3.0
index_27497,3.0
index_27498,2.0
index_27499,3.0
index_27500,5.0
index_27501,5.0
index_27502,2.0
index_27503,3.0
index_27504,4.0
index_27505,1.0
index_27506,1.0
index_27507,1.0
index_27508,3.0
index_27509,5.0
index_27510,2.0
index_27511,5.0
index_27512,1.0
index_27513,4.0
index_27514,2.0
index_27515,2.0
index_27516,4.0
index_27517,4.0
index_27518,3.0
index_27519,5.0
index_27520,2.0
index_27521,1.0
index_27522,1.0
index_27523,4.0
index_27524,3.0
index_27525,4.0
index_27526,1.0
index_27527,4.0
index_27528,5.0
index_27529,2.0
index_27530,3.0
index_27531,4.0
index_27532,5.0
index_27533,3.0
index_27534,2.0
index_27535,1.0
index_27536,1.0
index_27537,2.0
index_27538,1.0
index_27539,2.0
index_27540,1.0
index_27541,4.0
index_27542,5.0
index_27543,3.0
index_27544,2.0
index_27545,4.0
index_27546,5.0
index_27547,4.0
index_27548,1.0
index_27549,1.0
index_27550,3.0
index_27551,5.0
index_27552,5.0
index_27553,4.0
index_27554,2.0
index_27555,2.0
index_27556,2.0
index_27557,4.0
index_27558,4.0
index_27559,1.0
index_27560,5.0
index_27561,1.0
index_27562,1.0
index_27563,2.0
index_27564,1.0
index_27565,5.0
index_27566,2.0
index_27567,3.0
index_27568,1.0
index_27569,2.0
index_27570,2.0
index_27571,2.0
index_27572,5.0
index_27573,2.0
index_27574,2.0
index_27575,3.0
index_27576,3.0
index_27577,5.0
index_27578,3.0
index_27579,5.0
index_27580,5.0
index_27581,2.0
index_27582,5.0
index_27583,5.0
index_27584,3.0
index_27585,2.0
index_27586,1.0
index_27587,4.0
index_27588,4.0
index_27589,2.0
index_27590,1.0
index_27591,2.0
index_27592,3.0
index_27593,2.0
index_27594,5.0
index_27595,2.0
index_27596,5.0
index_27597,5.0
index_27598,3.0
index_27599,5.0
index_27600,1.0
index_27601,3.0
index_27602,4.0
index_27603,5.0
index_27604,3.0
index_27605,3.0
index_27606,2.0
index_27607,2.0
index_27608,4.0
index_27609,2.0
index_27610,2.0
index_27611,2.0
index_27612,4.0
index_27613,5.0
index_27614,2.0
index_27615,1.0
index_27616,2.0
index_27617,5.0
index_27618,2.0
index_27619,5.0
index_27620,3.0
index_27621,3.0
index_27622,5.0
index_27623,2.0
index_27624,4.0
index_27625,5.0
index_27626,4.0
index_27627,2.0
index_27628,1.0
index_27629,2.0
index_27630,1.0
index_27631,4.0
index_27632,3.0
index_27633,2.0
index_27634,1.0
index_27635,2.0
index_27636,3.0
index_27637,5.0
index_27638,1.0
index_27639,1.0
index_27640,5.0
index_27641,1.0
index_27642,5.0
index_27643,1.0
index_27644,1.0
index_27645,4.0
index_27646,1.0
index_27647,1.0
index_27648,2.0
index_27649,3.0
index_27650,2.0
index_27651,1.0
index_27652,1.0
index_27653,1.0
index_27654,3.0
index_27655,3.0
index_27656,5.0
index_27657,1.0
index_27658,1.0
index_27659,2.0
index_27660,3.0
index_27661,5.0
index_27662,4.0
index_27663,3.0
index_27664,4.0
index_27665,2.0
index_27666,1.0
index_27667,2.0
index_27668,3.0
index_27669,5.0
index_27670,5.0
index_27671,5.0
index_27672,1.0
index_27673,3.0
index_27674,4.0
index_27675,1.0
index_27676,5.0
index_27677,2.0
index_27678,2.0
index_27679,3.0
index_27680,1.0
index_27681,5.0
index_27682,5.0
index_27683,3.0
index_27684,4.0
index_27685,5.0
index_27686,3.0
index_27687,1.0
index_27688,1.0
index_27689,5.0
index_27690,2.0
index_27691,3.0
index_27692,5.0
index_27693,5.0
index_27694,1.0
index_27695,2.0
index_27696,1.0
index_27697,3.0
index_27698,5.0
index_27699,4.0
index_27700,3.0
index_27701,1.0
index_27702,1.0
index_27703,1.0
index_27704,2.0
index_27705,3.0
index_27706,1.0
index_27707,1.0
index_27708,1.0
index_27709,2.0
index_27710,1.0
index_27711,2.0
index_27712,2.0
index_27713,4.0
index_27714,5.0
index_27715,5.0
index_27716,1.0
index_27717,4.0
index_27718,3.0
index_27719,3.0
index_27720,5.0
index_27721,3.0
index_27722,4.0
index_27723,5.0
index_27724,3.0
index_27725,1.0
index_27726,3.0
index_27727,1.0
index_27728,3.0
index_27729,3.0
index_27730,3.0
index_27731,5.0
index_27732,5.0
index_27733,4.0
index_27734,2.0
index_27735,4.0
index_27736,4.0
index_27737,1.0
index_27738,1.0
index_27739,3.0
index_27740,5.0
index_27741,4.0
index_27742,3.0
index_27743,1.0
index_27744,1.0
index_27745,1.0
index_27746,2.0
index_27747,3.0
index_27748,2.0
index_27749,5.0
index_27750,2.0
index_27751,5.0
index_27752,4.0
index_27753,3.0
index_27754,5.0
index_27755,5.0
index_27756,5.0
index_27757,5.0
index_27758,2.0
index_27759,2.0
index_27760,5.0
index_27761,4.0
index_27762,1.0
index_27763,1.0
index_27764,2.0
index_27765,1.0
index_27766,5.0
index_27767,4.0
index_27768,2.0
index_27769,1.0
index_27770,2.0
index_27771,5.0
index_27772,2.0
index_27773,5.0
index_27774,2.0
index_27775,3.0
index_27776,4.0
index_27777,4.0
index_27778,3.0
index_27779,1.0
index_27780,1.0
index_27781,2.0
index_27782,3.0
index_27783,5.0
index_27784,2.0
index_27785,4.0
index_27786,2.0
index_27787,3.0
index_27788,5.0
index_27789,4.0
index_27790,4.0
index_27791,1.0
index_27792,1.0
index_27793,1.0
index_27794,3.0
index_27795,2.0
index_27796,5.0
index_27797,2.0
index_27798,5.0
index_27799,4.0
index_27800,1.0
index_27801,2.0
index_27802,2.0
index_27803,5.0
index_27804,5.0
index_27805,4.0
index_27806,2.0
index_27807,4.0
index_27808,2.0
index_27809,3.0
index_27810,5.0
index_27811,3.0
index_27812,2.0
index_27813,4.0
index_27814,5.0
index_27815,5.0
index_27816,2.0
index_27817,5.0
index_27818,1.0
index_27819,1.0
index_27820,3.0
index_27821,5.0
index_27822,1.0
index_27823,2.0
index_27824,3.0
index_27825,4.0
index_27826,2.0
index_27827,1.0
index_27828,2.0
index_27829,5.0
index_27830,4.0
index_27831,4.0
index_27832,3.0
index_27833,2.0
index_27834,4.0
index_27835,2.0
index_27836,2.0
index_27837,1.0
index_27838,4.0
index_27839,1.0
index_27840,1.0
index_27841,5.0
index_27842,2.0
index_27843,3.0
index_27844,5.0
index_27845,5.0
index_27846,5.0
index_27847,3.0
index_27848,3.0
index_27849,1.0
index_27850,4.0
index_27851,3.0
index_27852,2.0
index_27853,4.0
index_27854,1.0
index_27855,5.0
index_27856,3.0
index_27857,3.0
index_27858,2.0
index_27859,5.0
index_27860,4.0
index_27861,1.0
index_27862,1.0
index_27863,5.0
index_27864,5.0
index_27865,5.0
index_27866,4.0
index_27867,2.0
index_27868,1.0
index_27869,1.0
index_27870,1.0
index_27871,1.0
index_27872,4.0
index_27873,1.0
index_27874,5.0
index_27875,3.0
index_27876,2.0
index_27877,3.0
index_27878,5.0
index_27879,1.0
index_27880,2.0
index_27881,5.0
index_27882,1.0
index_27883,1.0
index_27884,2.0
index_27885,3.0
index_27886,1.0
index_27887,4.0
index_27888,5.0
index_27889,5.0
index_27890,1.0
index_27891,3.0
index_27892,3.0
index_27893,5.0
index_27894,2.0
index_27895,3.0
index_27896,1.0
index_27897,1.0
index_27898,2.0
index_27899,4.0
index_27900,3.0
index_27901,2.0
index_27902,3.0
index_27903,4.0
index_27904,4.0
index_27905,5.0
index_27906,4.0
index_27907,3.0
index_27908,3.0
index_27909,2.0
index_27910,3.0
index_27911,2.0
index_27912,3.0
index_27913,3.0
index_27914,5.0
index_27915,1.0
index_27916,5.0
index_27917,1.0
index_27918,5.0
index_27919,1.0
index_27920,3.0
index_27921,5.0
index_27922,5.0
index_27923,2.0
index_27924,5.0
index_27925,2.0
index_27926,4.0
index_27927,5.0
index_27928,3.0
index_27929,2.0
index_27930,4.0
index_27931,2.0
index_27932,1.0
index_27933,3.0
index_27934,5.0
index_27935,1.0
index_27936,5.0
index_27937,3.0
index_27938,3.0
index_27939,3.0
index_27940,4.0
index_27941,4.0
index_27942,1.0
index_27943,1.0
index_27944,5.0
index_27945,1.0
index_27946,5.0
index_27947,5.0
index_27948,2.0
index_27949,3.0
index_27950,2.0
index_27951,1.0
index_27952,3.0
index_27953,3.0
index_27954,4.0
index_27955,3.0
index_27956,1.0
index_27957,2.0
index_27958,1.0
index_27959,4.0
index_27960,4.0
index_27961,1.0
index_27962,2.0
index_27963,5.0
index_27964,5.0
index_27965,4.0
index_27966,2.0
index_27967,1.0
index_27968,2.0
index_27969,2.0
index_27970,4.0
index_27971,5.0
index_27972,3.0
index_27973,5.0
index_27974,4.0
index_27975,1.0
index_27976,2.0
index_27977,3.0
index_27978,2.0
index_27979,3.0
index_27980,1.0
index_27981,3.0
index_27982,5.0
index_27983,2.0
index_27984,3.0
index_27985,4.0
index_27986,2.0
index_27987,2.0
index_27988,4.0
index_27989,4.0
index_27990,2.0
index_27991,3.0
index_27992,1.0
index_27993,4.0
index_27994,5.0
index_27995,5.0
index_27996,1.0
index_27997,2.0
index_27998,4.0
index_27999,5.0
index_28000,2.0
index_28001,1.0
index_28002,4.0
index_28003,4.0
index_28004,2.0
index_28005,1.0
index_28006,2.0
index_28007,3.0
index_28008,2.0
index_28009,3.0
index_28010,2.0
index_28011,5.0
index_28012,5.0
index_28013,5.0
index_28014,1.0
index_28015,5.0
index_28016,5.0
index_28017,3.0
index_28018,3.0
index_28019,5.0
index_28020,5.0
index_28021,4.0
index_28022,4.0
index_28023,5.0
index_28024,2.0
index_28025,3.0
index_28026,3.0
index_28027,2.0
index_28028,5.0
index_28029,4.0
index_28030,1.0
index_28031,1.0
index_28032,3.0
index_28033,5.0
index_28034,4.0
index_28035,4.0
index_28036,3.0
index_28037,3.0
index_28038,2.0
index_28039,1.0
index_28040,3.0
index_28041,1.0
index_28042,1.0
index_28043,2.0
index_28044,5.0
index_28045,3.0
index_28046,2.0
index_28047,5.0
index_28048,5.0
index_28049,5.0
index_28050,2.0
index_28051,1.0
index_28052,2.0
index_28053,2.0
index_28054,4.0
index_28055,5.0
index_28056,4.0
index_28057,2.0
index_28058,1.0
index_28059,5.0
index_28060,3.0
index_28061,2.0
index_28062,3.0
index_28063,1.0
index_28064,5.0
index_28065,1.0
index_28066,5.0
index_28067,4.0
index_28068,2.0
index_28069,1.0
index_28070,1.0
index_28071,4.0
index_28072,4.0
index_28073,3.0
index_28074,1.0
index_28075,1.0
index_28076,1.0
index_28077,2.0
index_28078,3.0
index_28079,5.0
index_28080,4.0
index_28081,2.0
index_28082,4.0
index_28083,3.0
index_28084,1.0
index_28085,1.0
index_28086,5.0
index_28087,1.0
index_28088,5.0
index_28089,2.0
index_28090,5.0
index_28091,2.0
index_28092,2.0
index_28093,2.0
index_28094,1.0
index_28095,5.0
index_28096,3.0
index_28097,5.0
index_28098,4.0
index_28099,4.0
index_28100,2.0
index_28101,1.0
index_28102,3.0
index_28103,5.0
index_28104,5.0
index_28105,1.0
index_28106,4.0
index_28107,3.0
index_28108,3.0
index_28109,1.0
index_28110,2.0
index_28111,2.0
index_28112,2.0
index_28113,5.0
index_28114,3.0
index_28115,3.0
index_28116,5.0
index_28117,3.0
index_28118,1.0
index_28119,1.0
index_28120,2.0
index_28121,2.0
index_28122,3.0
index_28123,1.0
index_28124,1.0
index_28125,5.0
index_28126,3.0
index_28127,3.0
index_28128,2.0
index_28129,5.0
index_28130,3.0
index_28131,5.0
index_28132,4.0
index_28133,4.0
index_28134,2.0
index_28135,5.0
index_28136,1.0
index_28137,1.0
index_28138,5.0
index_28139,5.0
index_28140,2.0
index_28141,1.0
index_28142,5.0
index_28143,4.0
index_28144,4.0
index_28145,1.0
index_28146,5.0
index_28147,5.0
index_28148,1.0
index_28149,3.0
index_28150,1.0
index_28151,5.0
index_28152,3.0
index_28153,1.0
index_28154,2.0
index_28155,3.0
index_28156,4.0
index_28157,1.0
index_28158,1.0
index_28159,2.0
index_28160,1.0
index_28161,1.0
index_28162,2.0
index_28163,3.0
index_28164,1.0
index_28165,2.0
index_28166,1.0
index_28167,5.0
index_28168,2.0
index_28169,5.0
index_28170,1.0
index_28171,5.0
index_28172,1.0
index_28173,4.0
index_28174,1.0
index_28175,2.0
index_28176,1.0
index_28177,3.0
index_28178,2.0
index_28179,5.0
index_28180,2.0
index_28181,2.0
index_28182,1.0
index_28183,1.0
index_28184,3.0
index_28185,2.0
index_28186,2.0
index_28187,3.0
index_28188,3.0
index_28189,1.0
index_28190,4.0
index_28191,3.0
index_28192,5.0
index_28193,1.0
index_28194,2.0
index_28195,5.0
index_28196,1.0
index_28197,1.0
index_28198,4.0
index_28199,2.0
index_28200,3.0
index_28201,5.0
index_28202,3.0
index_28203,1.0
index_28204,4.0
index_28205,5.0
index_28206,1.0
index_28207,2.0
index_28208,1.0
index_28209,5.0
index_28210,2.0
index_28211,3.0
index_28212,4.0
index_28213,3.0
index_28214,1.0
index_28215,5.0
index_28216,4.0
index_28217,3.0
index_28218,2.0
index_28219,1.0
index_28220,4.0
index_28221,1.0
index_28222,3.0
index_28223,3.0
index_28224,3.0
index_28225,3.0
index_28226,3.0
index_28227,1.0
index_28228,1.0
index_28229,4.0
index_28230,3.0
index_28231,1.0
index_28232,4.0
index_28233,4.0
index_28234,3.0
index_28235,1.0
index_28236,1.0
index_28237,5.0
index_28238,2.0
index_28239,5.0
index_28240,5.0
index_28241,3.0
index_28242,2.0
index_28243,5.0
index_28244,4.0
index_28245,3.0
index_28246,5.0
index_28247,4.0
index_28248,5.0
index_28249,1.0
index_28250,4.0
index_28251,4.0
index_28252,5.0
index_28253,5.0
index_28254,3.0
index_28255,4.0
index_28256,1.0
index_28257,2.0
index_28258,4.0
index_28259,4.0
index_28260,3.0
index_28261,3.0
index_28262,3.0
index_28263,2.0
index_28264,5.0
index_28265,2.0
index_28266,2.0
index_28267,5.0
index_28268,1.0
index_28269,4.0
index_28270,4.0
index_28271,1.0
index_28272,1.0
index_28273,1.0
index_28274,3.0
index_28275,3.0
index_28276,3.0
index_28277,1.0
index_28278,3.0
index_28279,5.0
index_28280,1.0
index_28281,1.0
index_28282,4.0
index_28283,2.0
index_28284,5.0
index_28285,2.0
index_28286,2.0
index_28287,1.0
index_28288,1.0
index_28289,1.0
index_28290,2.0
index_28291,1.0
index_28292,4.0
index_28293,2.0
index_28294,1.0
index_28295,5.0
index_28296,4.0
index_28297,1.0
index_28298,2.0
index_28299,4.0
index_28300,1.0
index_28301,1.0
index_28302,4.0
index_28303,2.0
index_28304,4.0
index_28305,4.0
index_28306,2.0
index_28307,1.0
index_28308,2.0
index_28309,3.0
index_28310,1.0
index_28311,1.0
index_28312,3.0
index_28313,2.0
index_28314,2.0
index_28315,1.0
index_28316,1.0
index_28317,3.0
index_28318,4.0
index_28319,1.0
index_28320,2.0
index_28321,1.0
index_28322,1.0
index_28323,2.0
index_28324,4.0
index_28325,5.0
index_28326,5.0
index_28327,5.0
index_28328,3.0
index_28329,2.0
index_28330,3.0
index_28331,4.0
index_28332,5.0
index_28333,3.0
index_28334,2.0
index_28335,3.0
index_28336,1.0
index_28337,5.0
index_28338,2.0
index_28339,1.0
index_28340,5.0
index_28341,4.0
index_28342,3.0
index_28343,5.0
index_28344,2.0
index_28345,3.0
index_28346,4.0
index_28347,5.0
index_28348,3.0
index_28349,1.0
index_28350,5.0
index_28351,1.0
index_28352,4.0
index_28353,5.0
index_28354,5.0
index_28355,4.0
index_28356,3.0
index_28357,1.0
index_28358,5.0
index_28359,5.0
index_28360,5.0
index_28361,1.0
index_28362,4.0
index_28363,1.0
index_28364,3.0
index_28365,4.0
index_28366,1.0
index_28367,3.0
index_28368,2.0
index_28369,3.0
index_28370,5.0
index_28371,2.0
index_28372,1.0
index_28373,1.0
index_28374,5.0
index_28375,2.0
index_28376,1.0
index_28377,4.0
index_28378,4.0
index_28379,1.0
index_28380,4.0
index_28381,1.0
index_28382,1.0
index_28383,1.0
index_28384,5.0
index_28385,5.0
index_28386,1.0
index_28387,3.0
index_28388,2.0
index_28389,2.0
index_28390,2.0
index_28391,1.0
index_28392,2.0
index_28393,5.0
index_28394,4.0
index_28395,4.0
index_28396,3.0
index_28397,5.0
index_28398,1.0
index_28399,3.0
index_28400,2.0
index_28401,3.0
index_28402,1.0
index_28403,5.0
index_28404,4.0
index_28405,1.0
index_28406,2.0
index_28407,3.0
index_28408,2.0
index_28409,2.0
index_28410,5.0
index_28411,1.0
index_28412,1.0
index_28413,2.0
index_28414,5.0
index_28415,3.0
index_28416,4.0
index_28417,2.0
index_28418,5.0
index_28419,2.0
index_28420,2.0
index_28421,5.0
index_28422,3.0
index_28423,3.0
index_28424,2.0
index_28425,3.0
index_28426,4.0
index_28427,5.0
index_28428,3.0
index_28429,1.0
index_28430,1.0
index_28431,3.0
index_28432,1.0
index_28433,2.0
index_28434,3.0
index_28435,2.0
index_28436,5.0
index_28437,1.0
index_28438,1.0
index_28439,5.0
index_28440,4.0
index_28441,4.0
index_28442,3.0
index_28443,2.0
index_28444,4.0
index_28445,1.0
index_28446,5.0
index_28447,4.0
index_28448,3.0
index_28449,3.0
index_28450,5.0
index_28451,2.0
index_28452,2.0
index_28453,5.0
index_28454,5.0
index_28455,5.0
index_28456,2.0
index_28457,1.0
index_28458,1.0
index_28459,3.0
index_28460,1.0
index_28461,2.0
index_28462,2.0
index_28463,1.0
index_28464,3.0
index_28465,5.0
index_28466,2.0
index_28467,3.0
index_28468,1.0
index_28469,3.0
index_28470,2.0
index_28471,2.0
index_28472,2.0
index_28473,1.0
index_28474,2.0
index_28475,1.0
index_28476,4.0
index_28477,3.0
index_28478,5.0
index_28479,5.0
index_28480,5.0
index_28481,1.0
index_28482,5.0
index_28483,3.0
index_28484,1.0
index_28485,1.0
index_28486,3.0
index_28487,5.0
index_28488,2.0
index_28489,3.0
index_28490,1.0
index_28491,5.0
index_28492,5.0
index_28493,5.0
index_28494,2.0
index_28495,2.0
index_28496,4.0
index_28497,3.0
index_28498,3.0
index_28499,3.0
index_28500,4.0
index_28501,4.0
index_28502,1.0
index_28503,3.0
index_28504,5.0
index_28505,2.0
index_28506,1.0
index_28507,3.0
index_28508,3.0
index_28509,2.0
index_28510,1.0
index_28511,3.0
index_28512,4.0
index_28513,1.0
index_28514,3.0
index_28515,5.0
index_28516,3.0
index_28517,5.0
index_28518,5.0
index_28519,2.0
index_28520,2.0
index_28521,4.0
index_28522,2.0
index_28523,2.0
index_28524,5.0
index_28525,1.0
index_28526,1.0
index_28527,2.0
index_28528,1.0
index_28529,3.0
index_28530,1.0
index_28531,1.0
index_28532,5.0
index_28533,5.0
index_28534,1.0
index_28535,5.0
index_28536,4.0
index_28537,2.0
index_28538,4.0
index_28539,3.0
index_28540,4.0
index_28541,5.0
index_28542,3.0
index_28543,2.0
index_28544,5.0
index_28545,4.0
index_28546,2.0
index_28547,2.0
index_28548,4.0
index_28549,5.0
index_28550,3.0
index_28551,2.0
index_28552,5.0
index_28553,1.0
index_28554,4.0
index_28555,4.0
index_28556,1.0
index_28557,3.0
index_28558,3.0
index_28559,2.0
index_28560,1.0
index_28561,4.0
index_28562,5.0
index_28563,5.0
index_28564,4.0
index_28565,2.0
index_28566,4.0
index_28567,1.0
index_28568,3.0
index_28569,3.0
index_28570,4.0
index_28571,1.0
index_28572,5.0
index_28573,5.0
index_28574,5.0
index_28575,3.0
index_28576,1.0
index_28577,1.0
index_28578,1.0
index_28579,2.0
index_28580,2.0
index_28581,5.0
index_28582,2.0
index_28583,5.0
index_28584,4.0
index_28585,2.0
index_28586,1.0
index_28587,2.0
index_28588,2.0
index_28589,5.0
index_28590,2.0
index_28591,5.0
index_28592,5.0
index_28593,1.0
index_28594,3.0
index_28595,3.0
index_28596,1.0
index_28597,2.0
index_28598,5.0
index_28599,5.0
index_28600,3.0
index_28601,1.0
index_28602,1.0
index_28603,5.0
index_28604,4.0
index_28605,5.0
index_28606,3.0
index_28607,2.0
index_28608,1.0
index_28609,3.0
index_28610,1.0
index_28611,3.0
index_28612,1.0
index_28613,4.0
index_28614,2.0
index_28615,4.0
index_28616,1.0
index_28617,5.0
index_28618,3.0
index_28619,5.0
index_28620,1.0
index_28621,5.0
index_28622,1.0
index_28623,3.0
index_28624,5.0
index_28625,5.0
index_28626,2.0
index_28627,5.0
index_28628,5.0
index_28629,1.0
index_28630,4.0
index_28631,3.0
index_28632,3.0
index_28633,4.0
index_28634,1.0
index_28635,1.0
index_28636,1.0
index_28637,5.0
index_28638,1.0
index_28639,4.0
index_28640,5.0
index_28641,2.0
index_28642,5.0
index_28643,3.0
index_28644,2.0
index_28645,1.0
index_28646,5.0
index_28647,5.0
index_28648,5.0
index_28649,5.0
index_28650,3.0
index_28651,4.0
index_28652,5.0
index_28653,3.0
index_28654,1.0
index_28655,2.0
index_28656,4.0
index_28657,2.0
index_28658,4.0
index_28659,2.0
index_28660,1.0
index_28661,3.0
index_28662,2.0
index_28663,5.0
index_28664,4.0
index_28665,1.0
index_28666,1.0
index_28667,2.0
index_28668,3.0
index_28669,5.0
index_28670,4.0
index_28671,2.0
index_28672,3.0
index_28673,4.0
index_28674,1.0
index_28675,4.0
index_28676,4.0
index_28677,4.0
index_28678,3.0
index_28679,2.0
index_28680,5.0
index_28681,5.0
index_28682,3.0
index_28683,5.0
index_28684,1.0
index_28685,2.0
index_28686,5.0
index_28687,4.0
index_28688,1.0
index_28689,3.0
index_28690,5.0
index_28691,2.0
index_28692,1.0
index_28693,1.0
index_28694,2.0
index_28695,5.0
index_28696,4.0
index_28697,3.0
index_28698,5.0
index_28699,3.0
index_28700,5.0
index_28701,5.0
index_28702,1.0
index_28703,2.0
index_28704,5.0
index_28705,4.0
index_28706,5.0
index_28707,3.0
index_28708,5.0
index_28709,1.0
index_28710,5.0
index_28711,4.0
index_28712,3.0
index_28713,5.0
index_28714,2.0
index_28715,2.0
index_28716,5.0
index_28717,1.0
index_28718,1.0
index_28719,5.0
index_28720,5.0
index_28721,5.0
index_28722,5.0
index_28723,4.0
index_28724,5.0
index_28725,5.0
index_28726,5.0
index_28727,1.0
index_28728,3.0
index_28729,4.0
index_28730,1.0
index_28731,3.0
index_28732,3.0
index_28733,4.0
index_28734,4.0
index_28735,5.0
index_28736,2.0
index_28737,2.0
index_28738,2.0
index_28739,5.0
index_28740,3.0
index_28741,1.0
index_28742,1.0
index_28743,4.0
index_28744,3.0
index_28745,3.0
index_28746,1.0
index_28747,5.0
index_28748,3.0
index_28749,5.0
index_28750,4.0
index_28751,1.0
index_28752,3.0
index_28753,2.0
index_28754,5.0
index_28755,2.0
index_28756,4.0
index_28757,3.0
index_28758,2.0
index_28759,3.0
index_28760,3.0
index_28761,2.0
index_28762,5.0
index_28763,2.0
index_28764,4.0
index_28765,4.0
index_28766,4.0
index_28767,4.0
index_28768,3.0
index_28769,3.0
index_28770,4.0
index_28771,3.0
index_28772,1.0
index_28773,5.0
index_28774,4.0
index_28775,3.0
index_28776,1.0
index_28777,3.0
index_28778,2.0
index_28779,1.0
index_28780,4.0
index_28781,2.0
index_28782,3.0
index_28783,4.0
index_28784,1.0
index_28785,1.0
index_28786,1.0
index_28787,5.0
index_28788,5.0
index_28789,1.0
index_28790,3.0
index_28791,2.0
index_28792,1.0
index_28793,3.0
index_28794,1.0
index_28795,1.0
index_28796,5.0
index_28797,1.0
index_28798,5.0
index_28799,1.0
index_28800,3.0
index_28801,1.0
index_28802,1.0
index_28803,3.0
index_28804,2.0
index_28805,5.0
index_28806,2.0
index_28807,5.0
index_28808,3.0
index_28809,5.0
index_28810,4.0
index_28811,3.0
index_28812,1.0
index_28813,3.0
index_28814,1.0
index_28815,1.0
index_28816,2.0
index_28817,3.0
index_28818,1.0
index_28819,3.0
index_28820,2.0
index_28821,5.0
index_28822,5.0
index_28823,5.0
index_28824,5.0
index_28825,1.0
index_28826,2.0
index_28827,2.0
index_28828,2.0
index_28829,2.0
index_28830,5.0
index_28831,5.0
index_28832,1.0
index_28833,1.0
index_28834,1.0
index_28835,4.0
index_28836,5.0
index_28837,3.0
index_28838,5.0
index_28839,5.0
index_28840,3.0
index_28841,1.0
index_28842,5.0
index_28843,2.0
index_28844,2.0
index_28845,4.0
index_28846,5.0
index_28847,1.0
index_28848,1.0
index_28849,2.0
index_28850,1.0
index_28851,2.0
index_28852,4.0
index_28853,1.0
index_28854,1.0
index_28855,1.0
index_28856,1.0
index_28857,1.0
index_28858,4.0
index_28859,3.0
index_28860,2.0
index_28861,2.0
index_28862,1.0
index_28863,5.0
index_28864,5.0
index_28865,3.0
index_28866,1.0
index_28867,1.0
index_28868,5.0
index_28869,5.0
index_28870,2.0
index_28871,1.0
index_28872,4.0
index_28873,2.0
index_28874,5.0
index_28875,2.0
index_28876,2.0
index_28877,3.0
index_28878,5.0
index_28879,1.0
index_28880,5.0
index_28881,4.0
index_28882,1.0
index_28883,4.0
index_28884,2.0
index_28885,5.0
index_28886,4.0
index_28887,4.0
index_28888,4.0
index_28889,2.0
index_28890,5.0
index_28891,4.0
index_28892,5.0
index_28893,5.0
index_28894,3.0
index_28895,4.0
index_28896,5.0
index_28897,4.0
index_28898,1.0
index_28899,1.0
index_28900,1.0
index_28901,2.0
index_28902,4.0
index_28903,2.0
index_28904,3.0
index_28905,3.0
index_28906,3.0
index_28907,2.0
index_28908,3.0
index_28909,2.0
index_28910,5.0
index_28911,1.0
index_28912,2.0
index_28913,1.0
index_28914,1.0
index_28915,2.0
index_28916,5.0
index_28917,1.0
index_28918,2.0
index_28919,2.0
index_28920,1.0
index_28921,2.0
index_28922,3.0
index_28923,3.0
index_28924,4.0
index_28925,5.0
index_28926,1.0
index_28927,1.0
index_28928,1.0
index_28929,2.0
index_28930,1.0
index_28931,5.0
index_28932,1.0
index_28933,3.0
index_28934,1.0
index_28935,4.0
index_28936,1.0
index_28937,1.0
index_28938,4.0
index_28939,1.0
index_28940,3.0
index_28941,4.0
index_28942,1.0
index_28943,1.0
index_28944,1.0
index_28945,2.0
index_28946,3.0
index_28947,5.0
index_28948,5.0
index_28949,4.0
index_28950,1.0
index_28951,2.0
index_28952,3.0
index_28953,1.0
index_28954,4.0
index_28955,2.0
index_28956,3.0
index_28957,3.0
index_28958,1.0
index_28959,3.0
index_28960,3.0
index_28961,5.0
index_28962,5.0
index_28963,2.0
index_28964,3.0
index_28965,5.0
index_28966,1.0
index_28967,3.0
index_28968,2.0
index_28969,5.0
index_28970,2.0
index_28971,4.0
index_28972,1.0
index_28973,4.0
index_28974,2.0
index_28975,1.0
index_28976,5.0
index_28977,5.0
index_28978,4.0
index_28979,3.0
index_28980,5.0
index_28981,5.0
index_28982,2.0
index_28983,3.0
index_28984,5.0
index_28985,5.0
index_28986,4.0
index_28987,4.0
index_28988,1.0
index_28989,2.0
index_28990,3.0
index_28991,1.0
index_28992,1.0
index_28993,1.0
index_28994,2.0
index_28995,5.0
index_28996,2.0
index_28997,3.0
index_28998,3.0
index_28999,1.0
index_29000,1.0
index_29001,5.0
index_29002,2.0
index_29003,4.0
index_29004,4.0
index_29005,3.0
index_29006,4.0
index_29007,3.0
index_29008,1.0
index_29009,1.0
index_29010,5.0
index_29011,4.0
index_29012,5.0
index_29013,3.0
index_29014,5.0
index_29015,5.0
index_29016,1.0
index_29017,1.0
index_29018,4.0
index_29019,5.0
index_29020,1.0
index_29021,2.0
index_29022,2.0
index_29023,3.0
index_29024,3.0
index_29025,4.0
index_29026,3.0
index_29027,2.0
index_29028,5.0
index_29029,1.0
index_29030,3.0
index_29031,2.0
index_29032,1.0
index_29033,4.0
index_29034,2.0
index_29035,2.0
index_29036,1.0
index_29037,3.0
index_29038,2.0
index_29039,2.0
index_29040,5.0
index_29041,3.0
index_29042,3.0
index_29043,5.0
index_29044,3.0
index_29045,4.0
index_29046,5.0
index_29047,2.0
index_29048,1.0
index_29049,5.0
index_29050,5.0
index_29051,5.0
index_29052,5.0
index_29053,4.0
index_29054,1.0
index_29055,1.0
index_29056,2.0
index_29057,5.0
index_29058,5.0
index_29059,5.0
index_29060,5.0
index_29061,4.0
index_29062,3.0
index_29063,5.0
index_29064,2.0
index_29065,1.0
index_29066,2.0
index_29067,1.0
index_29068,3.0
index_29069,3.0
index_29070,3.0
index_29071,3.0
index_29072,5.0
index_29073,2.0
index_29074,2.0
index_29075,2.0
index_29076,1.0
index_29077,5.0
index_29078,4.0
index_29079,4.0
index_29080,3.0
index_29081,5.0
index_29082,4.0
index_29083,5.0
index_29084,5.0
index_29085,3.0
index_29086,5.0
index_29087,1.0
index_29088,3.0
index_29089,3.0
index_29090,1.0
index_29091,4.0
index_29092,3.0
index_29093,4.0
index_29094,1.0
index_29095,3.0
index_29096,2.0
index_29097,1.0
index_29098,2.0
index_29099,4.0
index_29100,4.0
index_29101,2.0
index_29102,1.0
index_29103,1.0
index_29104,1.0
index_29105,1.0
index_29106,2.0
index_29107,4.0
index_29108,5.0
index_29109,1.0
index_29110,3.0
index_29111,4.0
index_29112,5.0
index_29113,1.0
index_29114,3.0
index_29115,5.0
index_29116,1.0
index_29117,2.0
index_29118,4.0
index_29119,3.0
index_29120,2.0
index_29121,2.0
index_29122,3.0
index_29123,5.0
index_29124,5.0
index_29125,2.0
index_29126,4.0
index_29127,1.0
index_29128,5.0
index_29129,3.0
index_29130,2.0
index_29131,4.0
index_29132,5.0
index_29133,5.0
index_29134,2.0
index_29135,1.0
index_29136,1.0
index_29137,1.0
index_29138,1.0
index_29139,1.0
index_29140,4.0
index_29141,3.0
index_29142,3.0
index_29143,5.0
index_29144,3.0
index_29145,5.0
index_29146,2.0
index_29147,3.0
index_29148,2.0
index_29149,5.0
index_29150,3.0
index_29151,1.0
index_29152,1.0
index_29153,3.0
index_29154,1.0
index_29155,5.0
index_29156,1.0
index_29157,5.0
index_29158,5.0
index_29159,4.0
index_29160,1.0
index_29161,1.0
index_29162,1.0
index_29163,5.0
index_29164,2.0
index_29165,4.0
index_29166,3.0
index_29167,1.0
index_29168,3.0
index_29169,2.0
index_29170,4.0
index_29171,5.0
index_29172,2.0
index_29173,2.0
index_29174,3.0
index_29175,5.0
index_29176,3.0
index_29177,4.0
index_29178,5.0
index_29179,4.0
index_29180,3.0
index_29181,3.0
index_29182,3.0
index_29183,4.0
index_29184,4.0
index_29185,5.0
index_29186,3.0
index_29187,2.0
index_29188,1.0
index_29189,5.0
index_29190,1.0
index_29191,1.0
index_29192,5.0
index_29193,1.0
index_29194,5.0
index_29195,5.0
index_29196,2.0
index_29197,2.0
index_29198,2.0
index_29199,1.0
index_29200,2.0
index_29201,3.0
index_29202,3.0
index_29203,3.0
index_29204,5.0
index_29205,2.0
index_29206,5.0
index_29207,2.0
index_29208,2.0
index_29209,3.0
index_29210,4.0
index_29211,4.0
index_29212,1.0
index_29213,1.0
index_29214,5.0
index_29215,3.0
index_29216,1.0
index_29217,1.0
index_29218,4.0
index_29219,5.0
index_29220,2.0
index_29221,1.0
index_29222,2.0
index_29223,4.0
index_29224,3.0
index_29225,5.0
index_29226,4.0
index_29227,2.0
index_29228,1.0
index_29229,4.0
index_29230,4.0
index_29231,5.0
index_29232,1.0
index_29233,5.0
index_29234,4.0
index_29235,3.0
index_29236,3.0
index_29237,4.0
index_29238,1.0
index_29239,5.0
index_29240,3.0
index_29241,5.0
index_29242,5.0
index_29243,1.0
index_29244,4.0
index_29245,2.0
index_29246,3.0
index_29247,3.0
index_29248,2.0
index_29249,3.0
index_29250,1.0
index_29251,3.0
index_29252,5.0
index_29253,2.0
index_29254,5.0
index_29255,5.0
index_29256,2.0
index_29257,3.0
index_29258,4.0
index_29259,5.0
index_29260,1.0
index_29261,5.0
index_29262,4.0
index_29263,5.0
index_29264,3.0
index_29265,4.0
index_29266,1.0
index_29267,1.0
index_29268,3.0
index_29269,5.0
index_29270,4.0
index_29271,3.0
index_29272,3.0
index_29273,3.0
index_29274,1.0
index_29275,3.0
index_29276,2.0
index_29277,1.0
index_29278,2.0
index_29279,2.0
index_29280,5.0
index_29281,4.0
index_29282,1.0
index_29283,4.0
index_29284,3.0
index_29285,1.0
index_29286,1.0
index_29287,3.0
index_29288,2.0
index_29289,4.0
index_29290,5.0
index_29291,1.0
index_29292,2.0
index_29293,4.0
index_29294,4.0
index_29295,2.0
index_29296,4.0
index_29297,3.0
index_29298,4.0
index_29299,5.0
index_29300,3.0
index_29301,5.0
index_29302,3.0
index_29303,4.0
index_29304,2.0
index_29305,3.0
index_29306,1.0
index_29307,3.0
index_29308,4.0
index_29309,2.0
index_29310,2.0
index_29311,5.0
index_29312,3.0
index_29313,5.0
index_29314,2.0
index_29315,4.0
index_29316,3.0
index_29317,1.0
index_29318,3.0
index_29319,4.0
index_29320,4.0
index_29321,1.0
index_29322,3.0
index_29323,5.0
index_29324,3.0
index_29325,5.0
index_29326,5.0
index_29327,5.0
index_29328,2.0
index_29329,5.0
index_29330,5.0
index_29331,2.0
index_29332,3.0
index_29333,1.0
index_29334,1.0
index_29335,5.0
index_29336,5.0
index_29337,5.0
index_29338,3.0
index_29339,5.0
index_29340,3.0
index_29341,4.0
index_29342,1.0
index_29343,4.0
index_29344,5.0
index_29345,4.0
index_29346,3.0
index_29347,1.0
index_29348,3.0
index_29349,3.0
index_29350,4.0
index_29351,4.0
index_29352,5.0
index_29353,5.0
index_29354,1.0
index_29355,3.0
index_29356,3.0
index_29357,3.0
index_29358,2.0
index_29359,3.0
index_29360,2.0
index_29361,1.0
index_29362,1.0
index_29363,3.0
index_29364,5.0
index_29365,5.0
index_29366,1.0
index_29367,4.0
index_29368,1.0
index_29369,1.0
index_29370,4.0
index_29371,1.0
index_29372,2.0
index_29373,3.0
index_29374,4.0
index_29375,3.0
index_29376,5.0
index_29377,4.0
index_29378,5.0
index_29379,3.0
index_29380,1.0
index_29381,3.0
index_29382,5.0
index_29383,1.0
index_29384,3.0
index_29385,3.0
index_29386,3.0
index_29387,4.0
index_29388,3.0
index_29389,2.0
index_29390,1.0
index_29391,5.0
index_29392,1.0
index_29393,1.0
index_29394,2.0
index_29395,5.0
index_29396,5.0
index_29397,5.0
index_29398,2.0
index_29399,5.0
index_29400,5.0
index_29401,5.0
index_29402,4.0
index_29403,5.0
index_29404,5.0
index_29405,2.0
index_29406,1.0
index_29407,1.0
index_29408,4.0
index_29409,5.0
index_29410,3.0
index_29411,1.0
index_29412,1.0
index_29413,4.0
index_29414,3.0
index_29415,4.0
index_29416,1.0
index_29417,5.0
index_29418,2.0
index_29419,4.0
index_29420,4.0
index_29421,2.0
index_29422,1.0
index_29423,3.0
index_29424,2.0
index_29425,1.0
index_29426,5.0
index_29427,2.0
index_29428,1.0
index_29429,3.0
index_29430,1.0
index_29431,2.0
index_29432,3.0
index_29433,1.0
index_29434,1.0
index_29435,4.0
index_29436,3.0
index_29437,4.0
index_29438,1.0
index_29439,1.0
index_29440,5.0
index_29441,5.0
index_29442,3.0
index_29443,3.0
index_29444,5.0
index_29445,3.0
index_29446,1.0
index_29447,3.0
index_29448,3.0
index_29449,3.0
index_29450,5.0
index_29451,4.0
index_29452,5.0
index_29453,5.0
index_29454,1.0
index_29455,1.0
index_29456,5.0
index_29457,2.0
index_29458,1.0
index_29459,1.0
index_29460,3.0
index_29461,5.0
index_29462,1.0
index_29463,2.0
index_29464,2.0
index_29465,2.0
index_29466,4.0
index_29467,5.0
index_29468,2.0
index_29469,5.0
index_29470,3.0
index_29471,5.0
index_29472,3.0
index_29473,1.0
index_29474,3.0
index_29475,5.0
index_29476,1.0
index_29477,3.0
index_29478,3.0
index_29479,1.0
index_29480,4.0
index_29481,1.0
index_29482,4.0
index_29483,2.0
index_29484,4.0
index_29485,1.0
index_29486,3.0
index_29487,1.0
index_29488,2.0
index_29489,4.0
index_29490,3.0
index_29491,4.0
index_29492,3.0
index_29493,1.0
index_29494,2.0
index_29495,4.0
index_29496,2.0
index_29497,1.0
index_29498,1.0
index_29499,4.0
index_29500,4.0
index_29501,5.0
index_29502,2.0
index_29503,5.0
index_29504,3.0
index_29505,2.0
index_29506,2.0
index_29507,1.0
index_29508,5.0
index_29509,5.0
index_29510,1.0
index_29511,2.0
index_29512,3.0
index_29513,5.0
index_29514,3.0
index_29515,1.0
index_29516,4.0
index_29517,5.0
index_29518,2.0
index_29519,5.0
index_29520,1.0
index_29521,2.0
index_29522,1.0
index_29523,3.0
index_29524,3.0
index_29525,4.0
index_29526,4.0
index_29527,2.0
index_29528,3.0
index_29529,4.0
index_29530,1.0
index_29531,5.0
index_29532,2.0
index_29533,4.0
index_29534,3.0
index_29535,1.0
index_29536,5.0
index_29537,5.0
index_29538,2.0
index_29539,3.0
index_29540,3.0
index_29541,2.0
index_29542,5.0
index_29543,2.0
index_29544,2.0
index_29545,5.0
index_29546,4.0
index_29547,2.0
index_29548,1.0
index_29549,4.0
index_29550,3.0
index_29551,2.0
index_29552,1.0
index_29553,3.0
index_29554,4.0
index_29555,3.0
index_29556,1.0
index_29557,4.0
index_29558,3.0
index_29559,2.0
index_29560,2.0
index_29561,3.0
index_29562,3.0
index_29563,3.0
index_29564,2.0
index_29565,1.0
index_29566,3.0
index_29567,3.0
index_29568,3.0
index_29569,2.0
index_29570,4.0
index_29571,1.0
index_29572,5.0
index_29573,2.0
index_29574,5.0
index_29575,3.0
index_29576,4.0
index_29577,3.0
index_29578,2.0
index_29579,5.0
index_29580,2.0
index_29581,3.0
index_29582,4.0
index_29583,2.0
index_29584,5.0
index_29585,3.0
index_29586,3.0
index_29587,1.0
index_29588,4.0
index_29589,2.0
index_29590,1.0
index_29591,3.0
index_29592,1.0
index_29593,2.0
index_29594,4.0
index_29595,1.0
index_29596,5.0
index_29597,4.0
index_29598,4.0
index_29599,1.0
index_29600,5.0
index_29601,1.0
index_29602,5.0
index_29603,2.0
index_29604,2.0
index_29605,1.0
index_29606,2.0
index_29607,2.0
index_29608,4.0
index_29609,5.0
index_29610,5.0
index_29611,5.0
index_29612,5.0
index_29613,2.0
index_29614,1.0
index_29615,1.0
index_29616,3.0
index_29617,4.0
index_29618,4.0
index_29619,1.0
index_29620,5.0
index_29621,5.0
index_29622,2.0
index_29623,3.0
index_29624,3.0
index_29625,5.0
index_29626,5.0
index_29627,2.0
index_29628,2.0
index_29629,2.0
index_29630,5.0
index_29631,3.0
index_29632,4.0
index_29633,5.0
index_29634,5.0
index_29635,3.0
index_29636,2.0
index_29637,4.0
index_29638,3.0
index_29639,2.0
index_29640,4.0
index_29641,4.0
index_29642,4.0
index_29643,4.0
index_29644,4.0
index_29645,5.0
index_29646,2.0
index_29647,4.0
index_29648,3.0
index_29649,2.0
index_29650,4.0
index_29651,1.0
index_29652,4.0
index_29653,1.0
index_29654,5.0
index_29655,4.0
index_29656,5.0
index_29657,4.0
index_29658,3.0
index_29659,3.0
index_29660,5.0
index_29661,1.0
index_29662,4.0
index_29663,2.0
index_29664,3.0
index_29665,3.0
index_29666,1.0
index_29667,5.0
index_29668,1.0
index_29669,4.0
index_29670,1.0
index_29671,1.0
index_29672,3.0
index_29673,3.0
index_29674,1.0
index_29675,3.0
index_29676,4.0
index_29677,5.0
index_29678,5.0
index_29679,2.0
index_29680,5.0
index_29681,3.0
index_29682,4.0
index_29683,2.0
index_29684,4.0
index_29685,5.0
index_29686,2.0
index_29687,5.0
index_29688,4.0
index_29689,5.0
index_29690,1.0
index_29691,1.0
index_29692,5.0
index_29693,5.0
index_29694,4.0
index_29695,5.0
index_29696,2.0
index_29697,5.0
index_29698,2.0
index_29699,3.0
index_29700,3.0
index_29701,5.0
index_29702,3.0
index_29703,2.0
index_29704,4.0
index_29705,1.0
index_29706,2.0
index_29707,5.0
index_29708,5.0
index_29709,3.0
index_29710,2.0
index_29711,3.0
index_29712,1.0
index_29713,1.0
index_29714,5.0
index_29715,1.0
index_29716,3.0
index_29717,4.0
index_29718,2.0
index_29719,5.0
index_29720,4.0
index_29721,5.0
index_29722,3.0
index_29723,3.0
index_29724,1.0
index_29725,2.0
index_29726,2.0
index_29727,1.0
index_29728,5.0
index_29729,1.0
index_29730,2.0
index_29731,3.0
index_29732,2.0
index_29733,3.0
index_29734,1.0
index_29735,3.0
index_29736,3.0
index_29737,2.0
index_29738,1.0
index_29739,4.0
index_29740,4.0
index_29741,1.0
index_29742,4.0
index_29743,1.0
index_29744,3.0
index_29745,3.0
index_29746,5.0
index_29747,2.0
index_29748,2.0
index_29749,5.0
index_29750,1.0
index_29751,4.0
index_29752,1.0
index_29753,5.0
index_29754,1.0
index_29755,2.0
index_29756,3.0
index_29757,5.0
index_29758,5.0
index_29759,1.0
index_29760,5.0
index_29761,5.0
index_29762,4.0
index_29763,3.0
index_29764,2.0
index_29765,1.0
index_29766,5.0
index_29767,5.0
index_29768,2.0
index_29769,1.0
index_29770,1.0
index_29771,5.0
index_29772,4.0
index_29773,1.0
index_29774,2.0
index_29775,3.0
index_29776,5.0
index_29777,4.0
index_29778,4.0
index_29779,2.0
index_29780,2.0
index_29781,5.0
index_29782,5.0
index_29783,5.0
index_29784,4.0
index_29785,3.0
index_29786,5.0
index_29787,3.0
index_29788,3.0
index_29789,1.0
index_29790,1.0
index_29791,3.0
index_29792,4.0
index_29793,2.0
index_29794,1.0
index_29795,5.0
index_29796,5.0
index_29797,3.0
index_29798,4.0
index_29799,3.0
index_29800,4.0
index_29801,3.0
index_29802,2.0
index_29803,4.0
index_29804,3.0
index_29805,3.0
index_29806,5.0
index_29807,3.0
index_29808,4.0
index_29809,2.0
index_29810,3.0
index_29811,2.0
index_29812,5.0
index_29813,1.0
index_29814,4.0
index_29815,1.0
index_29816,3.0
index_29817,5.0
index_29818,4.0
index_29819,2.0
index_29820,3.0
index_29821,5.0
index_29822,1.0
index_29823,1.0
index_29824,5.0
index_29825,4.0
index_29826,1.0
index_29827,2.0
index_29828,3.0
index_29829,4.0
index_29830,4.0
index_29831,3.0
index_29832,5.0
index_29833,2.0
index_29834,2.0
index_29835,2.0
index_29836,3.0
index_29837,1.0
index_29838,2.0
index_29839,1.0
index_29840,4.0
index_29841,5.0
index_29842,5.0
index_29843,1.0
index_29844,3.0
index_29845,5.0
index_29846,4.0
index_29847,4.0
index_29848,1.0
index_29849,1.0
index_29850,2.0
index_29851,1.0
index_29852,2.0
index_29853,1.0
index_29854,3.0
index_29855,3.0
index_29856,4.0
index_29857,4.0
index_29858,3.0
index_29859,5.0
index_29860,1.0
index_29861,2.0
index_29862,1.0
index_29863,4.0
index_29864,4.0
index_29865,1.0
index_29866,5.0
index_29867,3.0
index_29868,3.0
index_29869,5.0
index_29870,1.0
index_29871,1.0
index_29872,2.0
index_29873,5.0
index_29874,1.0
index_29875,1.0
index_29876,5.0
index_29877,4.0
index_29878,3.0
index_29879,2.0
index_29880,2.0
index_29881,5.0
index_29882,5.0
index_29883,1.0
index_29884,1.0
index_29885,2.0
index_29886,1.0
index_29887,2.0
index_29888,3.0
index_29889,1.0
index_29890,4.0
index_29891,2.0
index_29892,4.0
index_29893,1.0
index_29894,1.0
index_29895,4.0
index_29896,2.0
index_29897,3.0
index_29898,2.0
index_29899,2.0
index_29900,4.0
index_29901,3.0
index_29902,2.0
index_29903,4.0
index_29904,2.0
index_29905,3.0
index_29906,4.0
index_29907,3.0
index_29908,4.0
index_29909,5.0
index_29910,1.0
index_29911,3.0
index_29912,1.0
index_29913,5.0
index_29914,5.0
index_29915,1.0
index_29916,3.0
index_29917,2.0
index_29918,5.0
index_29919,4.0
index_29920,3.0
index_29921,1.0
index_29922,3.0
index_29923,1.0
index_29924,2.0
index_29925,2.0
index_29926,5.0
index_29927,4.0
index_29928,2.0
index_29929,2.0
index_29930,4.0
index_29931,4.0
index_29932,3.0
index_29933,4.0
index_29934,2.0
index_29935,3.0
index_29936,1.0
index_29937,2.0
index_29938,2.0
index_29939,5.0
index_29940,1.0
index_29941,5.0
index_29942,5.0
index_29943,1.0
index_29944,5.0
index_29945,2.0
index_29946,3.0
index_29947,2.0
index_29948,5.0
index_29949,5.0
index_29950,1.0
index_29951,5.0
index_29952,2.0
index_29953,5.0
index_29954,1.0
index_29955,4.0
index_29956,5.0
index_29957,5.0
index_29958,2.0
index_29959,3.0
index_29960,2.0
index_29961,5.0
index_29962,4.0
index_29963,1.0
index_29964,5.0
index_29965,5.0
index_29966,1.0
index_29967,5.0
index_29968,2.0
index_29969,3.0
index_29970,2.0
index_29971,5.0
index_29972,1.0
index_29973,2.0
index_29974,3.0
index_29975,4.0
index_29976,3.0
index_29977,5.0
index_29978,1.0
index_29979,1.0
index_29980,1.0
index_29981,4.0
index_29982,2.0
index_29983,2.0
index_29984,5.0
index_29985,5.0
index_29986,5.0
index_29987,2.0
index_29988,5.0
index_29989,5.0
index_29990,5.0
index_29991,3.0
index_29992,1.0
index_29993,1.0
index_29994,3.0
index_29995,3.0
index_29996,1.0
index_29997,2.0
index_29998,1.0
index_29999,3.0
index_30000,5.0
index_30001,5.0
index_30002,1.0
index_30003,1.0
index_30004,1.0
index_30005,3.0
index_30006,2.0
index_30007,3.0
index_30008,5.0
index_30009,3.0
index_30010,5.0
index_30011,5.0
index_30012,3.0
index_30013,2.0
index_30014,2.0
index_30015,4.0
index_30016,4.0
index_30017,5.0
index_30018,3.0
index_30019,3.0
index_30020,1.0
index_30021,2.0
index_30022,5.0
index_30023,3.0
index_30024,2.0
index_30025,4.0
index_30026,1.0
index_30027,5.0
index_30028,2.0
index_30029,2.0
index_30030,3.0
index_30031,5.0
index_30032,5.0
index_30033,2.0
index_30034,1.0
index_30035,3.0
index_30036,1.0
index_30037,4.0
index_30038,4.0
index_30039,3.0
index_30040,5.0
index_30041,2.0
index_30042,1.0
index_30043,3.0
index_30044,4.0
index_30045,3.0
index_30046,2.0
index_30047,1.0
index_30048,4.0
index_30049,2.0
index_30050,3.0
index_30051,5.0
index_30052,5.0
index_30053,2.0
index_30054,1.0
index_30055,5.0
index_30056,3.0
index_30057,3.0
index_30058,3.0
index_30059,4.0
index_30060,2.0
index_30061,4.0
index_30062,1.0
index_30063,4.0
index_30064,3.0
index_30065,5.0
index_30066,5.0
index_30067,2.0
index_30068,5.0
index_30069,1.0
index_30070,2.0
index_30071,3.0
index_30072,5.0
index_30073,2.0
index_30074,1.0
index_30075,2.0
index_30076,3.0
index_30077,3.0
index_30078,3.0
index_30079,5.0
index_30080,2.0
index_30081,1.0
index_30082,3.0
index_30083,5.0
index_30084,5.0
index_30085,5.0
index_30086,4.0
index_30087,4.0
index_30088,3.0
index_30089,4.0
index_30090,2.0
index_30091,3.0
index_30092,3.0
index_30093,4.0
index_30094,1.0
index_30095,3.0
index_30096,4.0
index_30097,5.0
index_30098,5.0
index_30099,3.0
index_30100,1.0
index_30101,5.0
index_30102,1.0
index_30103,3.0
index_30104,2.0
index_30105,4.0
index_30106,3.0
index_30107,2.0
index_30108,5.0
index_30109,5.0
index_30110,5.0
index_30111,1.0
index_30112,2.0
index_30113,1.0
index_30114,2.0
index_30115,5.0
index_30116,3.0
index_30117,2.0
index_30118,1.0
index_30119,4.0
index_30120,4.0
index_30121,3.0
index_30122,3.0
index_30123,3.0
index_30124,3.0
index_30125,1.0
index_30126,4.0
index_30127,3.0
index_30128,1.0
index_30129,1.0
index_30130,3.0
index_30131,5.0
index_30132,5.0
index_30133,3.0
index_30134,1.0
index_30135,3.0
index_30136,5.0
index_30137,1.0
index_30138,2.0
index_30139,5.0
index_30140,2.0
index_30141,5.0
index_30142,3.0
index_30143,1.0
index_30144,5.0
index_30145,1.0
index_30146,4.0
index_30147,1.0
index_30148,3.0
index_30149,1.0
index_30150,3.0
index_30151,5.0
index_30152,3.0
index_30153,4.0
index_30154,5.0
index_30155,1.0
index_30156,5.0
index_30157,1.0
index_30158,5.0
index_30159,4.0
index_30160,5.0
index_30161,5.0
index_30162,4.0
index_30163,5.0
index_30164,5.0
index_30165,1.0
index_30166,1.0
index_30167,2.0
index_30168,1.0
index_30169,3.0
index_30170,2.0
index_30171,4.0
index_30172,5.0
index_30173,1.0
index_30174,1.0
index_30175,2.0
index_30176,4.0
index_30177,5.0
index_30178,5.0
index_30179,1.0
index_30180,3.0
index_30181,3.0
index_30182,1.0
index_30183,2.0
index_30184,5.0
index_30185,2.0
index_30186,3.0
index_30187,1.0
index_30188,4.0
index_30189,3.0
index_30190,1.0
index_30191,5.0
index_30192,1.0
index_30193,3.0
index_30194,1.0
index_30195,1.0
index_30196,5.0
index_30197,4.0
index_30198,5.0
index_30199,4.0
index_30200,5.0
index_30201,3.0
index_30202,3.0
index_30203,2.0
index_30204,5.0
index_30205,5.0
index_30206,5.0
index_30207,2.0
index_30208,1.0
index_30209,1.0
index_30210,4.0
index_30211,4.0
index_30212,2.0
index_30213,3.0
index_30214,2.0
index_30215,2.0
index_30216,5.0
index_30217,3.0
index_30218,3.0
index_30219,3.0
index_30220,1.0
index_30221,5.0
index_30222,1.0
index_30223,2.0
index_30224,5.0
index_30225,5.0
index_30226,5.0
index_30227,3.0
index_30228,1.0
index_30229,3.0
index_30230,2.0
index_30231,4.0
index_30232,3.0
index_30233,4.0
index_30234,1.0
index_30235,2.0
index_30236,5.0
index_30237,1.0
index_30238,5.0
index_30239,3.0
index_30240,3.0
index_30241,3.0
index_30242,4.0
index_30243,2.0
index_30244,3.0
index_30245,2.0
index_30246,5.0
index_30247,4.0
index_30248,3.0
index_30249,1.0
index_30250,2.0
index_30251,3.0
index_30252,4.0
index_30253,5.0
index_30254,3.0
index_30255,5.0
index_30256,3.0
index_30257,5.0
index_30258,2.0
index_30259,3.0
index_30260,4.0
index_30261,3.0
index_30262,3.0
index_30263,1.0
index_30264,2.0
index_30265,4.0
index_30266,2.0
index_30267,4.0
index_30268,2.0
index_30269,2.0
index_30270,4.0
index_30271,3.0
index_30272,3.0
index_30273,3.0
index_30274,4.0
index_30275,3.0
index_30276,1.0
index_30277,1.0
index_30278,1.0
index_30279,1.0
index_30280,5.0
index_30281,1.0
index_30282,5.0
index_30283,3.0
index_30284,3.0
index_30285,4.0
index_30286,5.0
index_30287,4.0
index_30288,1.0
index_30289,1.0
index_30290,3.0
index_30291,1.0
index_30292,1.0
index_30293,3.0
index_30294,3.0
index_30295,2.0
index_30296,2.0
index_30297,2.0
index_30298,1.0
index_30299,5.0
index_30300,5.0
index_30301,3.0
index_30302,3.0
index_30303,5.0
index_30304,3.0
index_30305,1.0
index_30306,4.0
index_30307,1.0
index_30308,2.0
index_30309,2.0
index_30310,4.0
index_30311,1.0
index_30312,2.0
index_30313,2.0
index_30314,5.0
index_30315,4.0
index_30316,3.0
index_30317,1.0
index_30318,5.0
index_30319,2.0
index_30320,3.0
index_30321,2.0
index_30322,1.0
index_30323,5.0
index_30324,3.0
index_30325,4.0
index_30326,4.0
index_30327,5.0
index_30328,4.0
index_30329,1.0
index_30330,3.0
index_30331,4.0
index_30332,4.0
index_30333,1.0
index_30334,1.0
index_30335,5.0
index_30336,3.0
index_30337,1.0
index_30338,5.0
index_30339,2.0
index_30340,1.0
index_30341,5.0
index_30342,5.0
index_30343,5.0
index_30344,1.0
index_30345,2.0
index_30346,3.0
index_30347,1.0
index_30348,5.0
index_30349,3.0
index_30350,3.0
index_30351,1.0
index_30352,1.0
index_30353,4.0
index_30354,5.0
index_30355,4.0
index_30356,5.0
index_30357,1.0
index_30358,2.0
index_30359,2.0
index_30360,2.0
index_30361,4.0
index_30362,4.0
index_30363,2.0
index_30364,5.0
index_30365,5.0
index_30366,3.0
index_30367,1.0
index_30368,3.0
index_30369,4.0
index_30370,5.0
index_30371,5.0
index_30372,5.0
index_30373,5.0
index_30374,3.0
index_30375,4.0
index_30376,3.0
index_30377,2.0
index_30378,4.0
index_30379,4.0
index_30380,2.0
index_30381,4.0
index_30382,5.0
index_30383,4.0
index_30384,3.0
index_30385,5.0
index_30386,1.0
index_30387,2.0
index_30388,1.0
index_30389,4.0
index_30390,1.0
index_30391,5.0
index_30392,3.0
index_30393,5.0
index_30394,2.0
index_30395,1.0
index_30396,3.0
index_30397,3.0
index_30398,5.0
index_30399,1.0
index_30400,1.0
index_30401,1.0
index_30402,4.0
index_30403,3.0
index_30404,1.0
index_30405,1.0
index_30406,2.0
index_30407,4.0
index_30408,3.0
index_30409,2.0
index_30410,5.0
index_30411,5.0
index_30412,1.0
index_30413,3.0
index_30414,5.0
index_30415,1.0
index_30416,1.0
index_30417,5.0
index_30418,5.0
index_30419,3.0
index_30420,3.0
index_30421,3.0
index_30422,2.0
index_30423,2.0
index_30424,3.0
index_30425,2.0
index_30426,5.0
index_30427,3.0
index_30428,5.0
index_30429,5.0
index_30430,1.0
index_30431,5.0
index_30432,2.0
index_30433,1.0
index_30434,2.0
index_30435,5.0
index_30436,1.0
index_30437,1.0
index_30438,5.0
index_30439,2.0
index_30440,4.0
index_30441,2.0
index_30442,1.0
index_30443,4.0
index_30444,5.0
index_30445,2.0
index_30446,2.0
index_30447,4.0
index_30448,2.0
index_30449,2.0
index_30450,5.0
index_30451,5.0
index_30452,4.0
index_30453,2.0
index_30454,5.0
index_30455,1.0
index_30456,4.0
index_30457,2.0
index_30458,2.0
index_30459,3.0
index_30460,3.0
index_30461,5.0
index_30462,4.0
index_30463,5.0
index_30464,5.0
index_30465,1.0
index_30466,4.0
index_30467,2.0
index_30468,5.0
index_30469,1.0
index_30470,2.0
index_30471,4.0
index_30472,3.0
index_30473,2.0
index_30474,1.0
index_30475,2.0
index_30476,3.0
index_30477,1.0
index_30478,2.0
index_30479,3.0
index_30480,3.0
index_30481,2.0
index_30482,4.0
index_30483,3.0
index_30484,1.0
index_30485,3.0
index_30486,4.0
index_30487,1.0
index_30488,4.0
index_30489,2.0
index_30490,4.0
index_30491,4.0
index_30492,1.0
index_30493,1.0
index_30494,5.0
index_30495,1.0
index_30496,5.0
index_30497,2.0
index_30498,3.0
index_30499,5.0
index_30500,4.0
index_30501,2.0
index_30502,5.0
index_30503,3.0
index_30504,3.0
index_30505,2.0
index_30506,2.0
index_30507,5.0
index_30508,4.0
index_30509,2.0
index_30510,3.0
index_30511,3.0
index_30512,1.0
index_30513,1.0
index_30514,5.0
index_30515,1.0
index_30516,3.0
index_30517,5.0
index_30518,3.0
index_30519,5.0
index_30520,2.0
index_30521,1.0
index_30522,1.0
index_30523,5.0
index_30524,2.0
index_30525,4.0
index_30526,2.0
index_30527,1.0
index_30528,5.0
index_30529,2.0
index_30530,2.0
index_30531,2.0
index_30532,3.0
index_30533,4.0
index_30534,4.0
index_30535,2.0
index_30536,3.0
index_30537,2.0
index_30538,3.0
index_30539,1.0
index_30540,1.0
index_30541,2.0
index_30542,4.0
index_30543,2.0
index_30544,2.0
index_30545,2.0
index_30546,4.0
index_30547,4.0
index_30548,5.0
index_30549,1.0
index_30550,2.0
index_30551,5.0
index_30552,1.0
index_30553,1.0
index_30554,2.0
index_30555,1.0
index_30556,5.0
index_30557,2.0
index_30558,3.0
index_30559,1.0
index_30560,5.0
index_30561,3.0
index_30562,3.0
index_30563,3.0
index_30564,1.0
index_30565,5.0
index_30566,1.0
index_30567,3.0
index_30568,1.0
index_30569,4.0
index_30570,1.0
index_30571,5.0
index_30572,4.0
index_30573,5.0
index_30574,1.0
index_30575,3.0
index_30576,4.0
index_30577,1.0
index_30578,5.0
index_30579,5.0
index_30580,3.0
index_30581,2.0
index_30582,1.0
index_30583,3.0
index_30584,5.0
index_30585,4.0
index_30586,4.0
index_30587,5.0
index_30588,4.0
index_30589,3.0
index_30590,2.0
index_30591,2.0
index_30592,4.0
index_30593,3.0
index_30594,3.0
index_30595,3.0
index_30596,1.0
index_30597,3.0
index_30598,3.0
index_30599,4.0
index_30600,4.0
index_30601,4.0
index_30602,2.0
index_30603,5.0
index_30604,5.0
index_30605,1.0
index_30606,2.0
index_30607,3.0
index_30608,3.0
index_30609,1.0
index_30610,4.0
index_30611,3.0
index_30612,3.0
index_30613,4.0
index_30614,5.0
index_30615,4.0
index_30616,3.0
index_30617,3.0
index_30618,3.0
index_30619,1.0
index_30620,3.0
index_30621,4.0
index_30622,3.0
index_30623,4.0
index_30624,1.0
index_30625,5.0
index_30626,1.0
index_30627,5.0
index_30628,5.0
index_30629,1.0
index_30630,1.0
index_30631,1.0
index_30632,4.0
index_30633,5.0
index_30634,3.0
index_30635,4.0
index_30636,5.0
index_30637,5.0
index_30638,3.0
index_30639,3.0
index_30640,4.0
index_30641,1.0
index_30642,2.0
index_30643,4.0
index_30644,5.0
index_30645,4.0
index_30646,1.0
index_30647,5.0
index_30648,2.0
index_30649,2.0
index_30650,2.0
index_30651,5.0
index_30652,5.0
index_30653,5.0
index_30654,2.0
index_30655,1.0
index_30656,4.0
index_30657,1.0
index_30658,1.0
index_30659,2.0
index_30660,5.0
index_30661,1.0
index_30662,3.0
index_30663,3.0
index_30664,2.0
index_30665,4.0
index_30666,3.0
index_30667,5.0
index_30668,1.0
index_30669,3.0
index_30670,4.0
index_30671,1.0
index_30672,4.0
index_30673,5.0
index_30674,5.0
index_30675,1.0
index_30676,4.0
index_30677,2.0
index_30678,3.0
index_30679,1.0
index_30680,4.0
index_30681,5.0
index_30682,1.0
index_30683,4.0
index_30684,1.0
index_30685,4.0
index_30686,1.0
index_30687,3.0
index_30688,2.0
index_30689,1.0
index_30690,4.0
index_30691,4.0
index_30692,5.0
index_30693,5.0
index_30694,2.0
index_30695,1.0
index_30696,2.0
index_30697,1.0
index_30698,3.0
index_30699,4.0
index_30700,2.0
index_30701,4.0
index_30702,5.0
index_30703,2.0
index_30704,5.0
index_30705,1.0
index_30706,1.0
index_30707,2.0
index_30708,2.0
index_30709,1.0
index_30710,1.0
index_30711,1.0
index_30712,1.0
index_30713,3.0
index_30714,1.0
index_30715,3.0
index_30716,3.0
index_30717,4.0
index_30718,4.0
index_30719,2.0
index_30720,5.0
index_30721,1.0
index_30722,1.0
index_30723,2.0
index_30724,5.0
index_30725,1.0
index_30726,4.0
index_30727,5.0
index_30728,1.0
index_30729,5.0
index_30730,5.0
index_30731,1.0
index_30732,5.0
index_30733,5.0
index_30734,5.0
index_30735,4.0
index_30736,1.0
index_30737,4.0
index_30738,3.0
index_30739,5.0
index_30740,3.0
index_30741,1.0
index_30742,3.0
index_30743,1.0
index_30744,3.0
index_30745,4.0
index_30746,2.0
index_30747,4.0
index_30748,3.0
index_30749,4.0
index_30750,1.0
index_30751,1.0
index_30752,3.0
index_30753,2.0
index_30754,3.0
index_30755,3.0
index_30756,5.0
index_30757,1.0
index_30758,4.0
index_30759,4.0
index_30760,3.0
index_30761,4.0
index_30762,4.0
index_30763,1.0
index_30764,5.0
index_30765,5.0
index_30766,4.0
index_30767,1.0
index_30768,3.0
index_30769,1.0
index_30770,5.0
index_30771,3.0
index_30772,2.0
index_30773,1.0
index_30774,1.0
index_30775,5.0
index_30776,2.0
index_30777,3.0
index_30778,1.0
index_30779,3.0
index_30780,3.0
index_30781,3.0
index_30782,1.0
index_30783,3.0
index_30784,4.0
index_30785,1.0
index_30786,5.0
index_30787,5.0
index_30788,2.0
index_30789,4.0
index_30790,1.0
index_30791,1.0
index_30792,4.0
index_30793,4.0
index_30794,5.0
index_30795,1.0
index_30796,1.0
index_30797,2.0
index_30798,1.0
index_30799,1.0
index_30800,2.0
index_30801,5.0
index_30802,1.0
index_30803,1.0
index_30804,3.0
index_30805,5.0
index_30806,5.0
index_30807,4.0
index_30808,4.0
index_30809,3.0
index_30810,5.0
index_30811,4.0
index_30812,3.0
index_30813,3.0
index_30814,3.0
index_30815,4.0
index_30816,2.0
index_30817,1.0
index_30818,1.0
index_30819,5.0
index_30820,3.0
index_30821,2.0
index_30822,3.0
index_30823,1.0
index_30824,1.0
index_30825,5.0
index_30826,2.0
index_30827,2.0
index_30828,1.0
index_30829,1.0
index_30830,4.0
index_30831,4.0
index_30832,2.0
index_30833,1.0
index_30834,1.0
index_30835,3.0
index_30836,1.0
index_30837,3.0
index_30838,3.0
index_30839,3.0
index_30840,1.0
index_30841,1.0
index_30842,5.0
index_30843,3.0
index_30844,4.0
index_30845,3.0
index_30846,3.0
index_30847,4.0
index_30848,4.0
index_30849,1.0
index_30850,3.0
index_30851,1.0
index_30852,5.0
index_30853,2.0
index_30854,2.0
index_30855,5.0
index_30856,5.0
index_30857,2.0
index_30858,2.0
index_30859,2.0
index_30860,5.0
index_30861,3.0
index_30862,3.0
index_30863,1.0
index_30864,3.0
index_30865,3.0
index_30866,4.0
index_30867,4.0
index_30868,2.0
index_30869,1.0
index_30870,4.0
index_30871,1.0
index_30872,2.0
index_30873,1.0
index_30874,5.0
index_30875,2.0
index_30876,4.0
index_30877,3.0
index_30878,4.0
index_30879,5.0
index_30880,1.0
index_30881,5.0
index_30882,1.0
index_30883,3.0
index_30884,2.0
index_30885,2.0
index_30886,5.0
index_30887,4.0
index_30888,2.0
index_30889,3.0
index_30890,3.0
index_30891,2.0
index_30892,4.0
index_30893,1.0
index_30894,2.0
index_30895,5.0
index_30896,3.0
index_30897,1.0
index_30898,5.0
index_30899,3.0
index_30900,3.0
index_30901,1.0
index_30902,2.0
index_30903,4.0
index_30904,5.0
index_30905,1.0
index_30906,3.0
index_30907,4.0
index_30908,3.0
index_30909,5.0
index_30910,5.0
index_30911,2.0
index_30912,3.0
index_30913,1.0
index_30914,3.0
index_30915,2.0
index_30916,5.0
index_30917,2.0
index_30918,2.0
index_30919,3.0
index_30920,3.0
index_30921,1.0
index_30922,2.0
index_30923,2.0
index_30924,1.0
index_30925,3.0
index_30926,2.0
index_30927,5.0
index_30928,5.0
index_30929,3.0
index_30930,2.0
index_30931,4.0
index_30932,3.0
index_30933,5.0
index_30934,3.0
index_30935,2.0
index_30936,2.0
index_30937,2.0
index_30938,3.0
index_30939,3.0
index_30940,2.0
index_30941,1.0
index_30942,4.0
index_30943,5.0
index_30944,1.0
index_30945,5.0
index_30946,5.0
index_30947,2.0
index_30948,2.0
index_30949,3.0
index_30950,3.0
index_30951,4.0
index_30952,5.0
index_30953,2.0
index_30954,1.0
index_30955,1.0
index_30956,1.0
index_30957,5.0
index_30958,2.0
index_30959,5.0
index_30960,4.0
index_30961,5.0
index_30962,1.0
index_30963,5.0
index_30964,5.0
index_30965,4.0
index_30966,1.0
index_30967,1.0
index_30968,1.0
index_30969,5.0
index_30970,3.0
index_30971,3.0
index_30972,1.0
index_30973,4.0
index_30974,4.0
index_30975,1.0
index_30976,2.0
index_30977,5.0
index_30978,1.0
index_30979,5.0
index_30980,4.0
index_30981,5.0
index_30982,3.0
index_30983,5.0
index_30984,1.0
index_30985,2.0
index_30986,5.0
index_30987,2.0
index_30988,5.0
index_30989,4.0
index_30990,5.0
index_30991,4.0
index_30992,2.0
index_30993,4.0
index_30994,3.0
index_30995,4.0
index_30996,1.0
index_30997,4.0
index_30998,2.0
index_30999,5.0
index_31000,1.0
index_31001,5.0
index_31002,2.0
index_31003,4.0
index_31004,5.0
index_31005,5.0
index_31006,3.0
index_31007,2.0
index_31008,2.0
index_31009,1.0
index_31010,5.0
index_31011,4.0
index_31012,1.0
index_31013,5.0
index_31014,3.0
index_31015,5.0
index_31016,1.0
index_31017,4.0
index_31018,2.0
index_31019,5.0
index_31020,2.0
index_31021,5.0
index_31022,3.0
index_31023,4.0
index_31024,5.0
index_31025,2.0
index_31026,2.0
index_31027,3.0
index_31028,1.0
index_31029,2.0
index_31030,1.0
index_31031,5.0
index_31032,4.0
index_31033,5.0
index_31034,3.0
index_31035,3.0
index_31036,1.0
index_31037,5.0
index_31038,2.0
index_31039,3.0
index_31040,4.0
index_31041,3.0
index_31042,1.0
index_31043,3.0
index_31044,3.0
index_31045,5.0
index_31046,3.0
index_31047,2.0
index_31048,2.0
index_31049,5.0
index_31050,1.0
index_31051,3.0
index_31052,5.0
index_31053,2.0
index_31054,4.0
index_31055,4.0
index_31056,2.0
index_31057,3.0
index_31058,4.0
index_31059,1.0
index_31060,4.0
index_31061,2.0
index_31062,5.0
index_31063,4.0
index_31064,1.0
index_31065,3.0
index_31066,1.0
index_31067,2.0
index_31068,4.0
index_31069,2.0
index_31070,1.0
index_31071,5.0
index_31072,2.0
index_31073,3.0
index_31074,2.0
index_31075,3.0
index_31076,1.0
index_31077,5.0
index_31078,1.0
index_31079,5.0
index_31080,4.0
index_31081,4.0
index_31082,1.0
index_31083,1.0
index_31084,3.0
index_31085,5.0
index_31086,4.0
index_31087,3.0
index_31088,2.0
index_31089,3.0
index_31090,3.0
index_31091,3.0
index_31092,5.0
index_31093,1.0
index_31094,5.0
index_31095,5.0
index_31096,5.0
index_31097,1.0
index_31098,1.0
index_31099,2.0
index_31100,2.0
index_31101,1.0
index_31102,1.0
index_31103,3.0
index_31104,1.0
index_31105,3.0
index_31106,5.0
index_31107,2.0
index_31108,3.0
index_31109,1.0
index_31110,1.0
index_31111,2.0
index_31112,1.0
index_31113,1.0
index_31114,5.0
index_31115,4.0
index_31116,2.0
index_31117,5.0
index_31118,4.0
index_31119,5.0
index_31120,2.0
index_31121,2.0
index_31122,1.0
index_31123,4.0
index_31124,5.0
index_31125,4.0
index_31126,4.0
index_31127,5.0
index_31128,5.0
index_31129,4.0
index_31130,2.0
index_31131,1.0
index_31132,5.0
index_31133,2.0
index_31134,1.0
index_31135,4.0
index_31136,3.0
index_31137,2.0
index_31138,5.0
index_31139,4.0
index_31140,1.0
index_31141,2.0
index_31142,5.0
index_31143,1.0
index_31144,2.0
index_31145,4.0
index_31146,4.0
index_31147,2.0
index_31148,2.0
index_31149,4.0
index_31150,1.0
index_31151,4.0
index_31152,5.0
index_31153,3.0
index_31154,2.0
index_31155,1.0
index_31156,5.0
index_31157,1.0
index_31158,5.0
index_31159,5.0
index_31160,4.0
index_31161,5.0
index_31162,5.0
index_31163,2.0
index_31164,2.0
index_31165,1.0
index_31166,5.0
index_31167,5.0
index_31168,3.0
index_31169,3.0
index_31170,2.0
index_31171,4.0
index_31172,2.0
index_31173,1.0
index_31174,2.0
index_31175,3.0
index_31176,1.0
index_31177,4.0
index_31178,3.0
index_31179,2.0
index_31180,2.0
index_31181,3.0
index_31182,3.0
index_31183,5.0
index_31184,2.0
index_31185,5.0
index_31186,1.0
index_31187,4.0
index_31188,4.0
index_31189,3.0
index_31190,5.0
index_31191,2.0
index_31192,5.0
index_31193,2.0
index_31194,1.0
index_31195,2.0
index_31196,3.0
index_31197,1.0
index_31198,4.0
index_31199,1.0
index_31200,2.0
index_31201,1.0
index_31202,2.0
index_31203,3.0
index_31204,1.0
index_31205,4.0
index_31206,5.0
index_31207,1.0
index_31208,3.0
index_31209,3.0
index_31210,1.0
index_31211,3.0
index_31212,2.0
index_31213,3.0
index_31214,3.0
index_31215,5.0
index_31216,5.0
index_31217,4.0
index_31218,5.0
index_31219,4.0
index_31220,1.0
index_31221,3.0
index_31222,3.0
index_31223,5.0
index_31224,5.0
index_31225,3.0
index_31226,1.0
index_31227,4.0
index_31228,3.0
index_31229,1.0
index_31230,1.0
index_31231,2.0
index_31232,1.0
index_31233,5.0
index_31234,3.0
index_31235,3.0
index_31236,2.0
index_31237,3.0
index_31238,3.0
index_31239,1.0
index_31240,2.0
index_31241,1.0
index_31242,5.0
index_31243,4.0
index_31244,1.0
index_31245,4.0
index_31246,2.0
index_31247,3.0
index_31248,2.0
index_31249,2.0
index_31250,5.0
index_31251,5.0
index_31252,2.0
index_31253,5.0
index_31254,4.0
index_31255,3.0
index_31256,5.0
index_31257,4.0
index_31258,5.0
index_31259,2.0
index_31260,1.0
index_31261,5.0
index_31262,2.0
index_31263,1.0
index_31264,4.0
index_31265,4.0
index_31266,5.0
index_31267,3.0
index_31268,5.0
index_31269,5.0
index_31270,1.0
index_31271,5.0
index_31272,4.0
index_31273,2.0
index_31274,1.0
index_31275,5.0
index_31276,4.0
index_31277,4.0
index_31278,1.0
index_31279,3.0
index_31280,3.0
index_31281,2.0
index_31282,2.0
index_31283,3.0
index_31284,3.0
index_31285,4.0
index_31286,5.0
index_31287,3.0
index_31288,5.0
index_31289,3.0
index_31290,4.0
index_31291,2.0
index_31292,4.0
index_31293,1.0
index_31294,4.0
index_31295,1.0
index_31296,3.0
index_31297,1.0
index_31298,2.0
index_31299,3.0
index_31300,5.0
index_31301,1.0
index_31302,5.0
index_31303,5.0
index_31304,2.0
index_31305,5.0
index_31306,5.0
index_31307,2.0
index_31308,3.0
index_31309,5.0
index_31310,5.0
index_31311,4.0
index_31312,3.0
index_31313,5.0
index_31314,1.0
index_31315,2.0
index_31316,3.0
index_31317,3.0
index_31318,5.0
index_31319,1.0
index_31320,5.0
index_31321,4.0
index_31322,5.0
index_31323,4.0
index_31324,5.0
index_31325,2.0
index_31326,3.0
index_31327,2.0
index_31328,1.0
index_31329,2.0
index_31330,2.0
index_31331,2.0
index_31332,5.0
index_31333,1.0
index_31334,3.0
index_31335,3.0
index_31336,2.0
index_31337,3.0
index_31338,4.0
index_31339,2.0
index_31340,5.0
index_31341,5.0
index_31342,4.0
index_31343,1.0
index_31344,5.0
index_31345,5.0
index_31346,4.0
index_31347,3.0
index_31348,4.0
index_31349,3.0
index_31350,5.0
index_31351,1.0
index_31352,5.0
index_31353,4.0
index_31354,3.0
index_31355,4.0
index_31356,2.0
index_31357,4.0
index_31358,3.0
index_31359,4.0
index_31360,2.0
index_31361,5.0
index_31362,1.0
index_31363,3.0
index_31364,2.0
index_31365,3.0
index_31366,3.0
index_31367,4.0
index_31368,2.0
index_31369,5.0
index_31370,3.0
index_31371,4.0
index_31372,1.0
index_31373,4.0
index_31374,1.0
index_31375,2.0
index_31376,5.0
index_31377,2.0
index_31378,3.0
index_31379,3.0
index_31380,3.0
index_31381,1.0
index_31382,2.0
index_31383,4.0
index_31384,4.0
index_31385,5.0
index_31386,3.0
index_31387,1.0
index_31388,3.0
index_31389,4.0
index_31390,3.0
index_31391,2.0
index_31392,1.0
index_31393,4.0
index_31394,1.0
index_31395,4.0
index_31396,4.0
index_31397,4.0
index_31398,3.0
index_31399,5.0
index_31400,3.0
index_31401,5.0
index_31402,3.0
index_31403,3.0
index_31404,2.0
index_31405,1.0
index_31406,2.0
index_31407,3.0
index_31408,2.0
index_31409,4.0
index_31410,1.0
index_31411,2.0
index_31412,3.0
index_31413,2.0
index_31414,5.0
index_31415,5.0
index_31416,4.0
index_31417,4.0
index_31418,5.0
index_31419,5.0
index_31420,4.0
index_31421,4.0
index_31422,2.0
index_31423,2.0
index_31424,4.0
index_31425,4.0
index_31426,5.0
index_31427,2.0
index_31428,4.0
index_31429,2.0
index_31430,3.0
index_31431,2.0
index_31432,2.0
index_31433,3.0
index_31434,1.0
index_31435,4.0
index_31436,5.0
index_31437,2.0
index_31438,4.0
index_31439,1.0
index_31440,3.0
index_31441,1.0
index_31442,4.0
index_31443,5.0
index_31444,1.0
index_31445,1.0
index_31446,4.0
index_31447,1.0
index_31448,5.0
index_31449,3.0
index_31450,4.0
index_31451,5.0
index_31452,2.0
index_31453,5.0
index_31454,1.0
index_31455,2.0
index_31456,4.0
index_31457,1.0
index_31458,3.0
index_31459,1.0
index_31460,3.0
index_31461,4.0
index_31462,1.0
index_31463,4.0
index_31464,2.0
index_31465,4.0
index_31466,2.0
index_31467,1.0
index_31468,2.0
index_31469,5.0
index_31470,1.0
index_31471,5.0
index_31472,5.0
index_31473,2.0
index_31474,3.0
index_31475,1.0
index_31476,3.0
index_31477,5.0
index_31478,5.0
index_31479,1.0
index_31480,4.0
index_31481,5.0
index_31482,2.0
index_31483,1.0
index_31484,1.0
index_31485,1.0
index_31486,3.0
index_31487,4.0
index_31488,3.0
index_31489,1.0
index_31490,2.0
index_31491,4.0
index_31492,5.0
index_31493,4.0
index_31494,3.0
index_31495,2.0
index_31496,4.0
index_31497,2.0
index_31498,3.0
index_31499,4.0
index_31500,2.0
index_31501,3.0
index_31502,3.0
index_31503,4.0
index_31504,5.0
index_31505,1.0
index_31506,3.0
index_31507,3.0
index_31508,3.0
index_31509,2.0
index_31510,5.0
index_31511,1.0
index_31512,5.0
index_31513,4.0
index_31514,2.0
index_31515,2.0
index_31516,1.0
index_31517,3.0
index_31518,2.0
index_31519,2.0
index_31520,5.0
index_31521,1.0
index_31522,5.0
index_31523,2.0
index_31524,5.0
index_31525,1.0
index_31526,1.0
index_31527,3.0
index_31528,5.0
index_31529,1.0
index_31530,1.0
index_31531,3.0
index_31532,1.0
index_31533,1.0
index_31534,1.0
index_31535,5.0
index_31536,1.0
index_31537,2.0
index_31538,1.0
index_31539,1.0
index_31540,5.0
index_31541,4.0
index_31542,3.0
index_31543,1.0
index_31544,2.0
index_31545,5.0
index_31546,4.0
index_31547,5.0
index_31548,4.0
index_31549,3.0
index_31550,4.0
index_31551,5.0
index_31552,4.0
index_31553,2.0
index_31554,5.0
index_31555,2.0
index_31556,3.0
index_31557,5.0
index_31558,5.0
index_31559,2.0
index_31560,1.0
index_31561,5.0
index_31562,3.0
index_31563,1.0
index_31564,1.0
index_31565,2.0
index_31566,5.0
index_31567,1.0
index_31568,5.0
index_31569,3.0
index_31570,5.0
index_31571,4.0
index_31572,5.0
index_31573,3.0
index_31574,3.0
index_31575,4.0
index_31576,1.0
index_31577,2.0
index_31578,2.0
index_31579,1.0
index_31580,5.0
index_31581,2.0
index_31582,3.0
index_31583,4.0
index_31584,1.0
index_31585,3.0
index_31586,1.0
index_31587,3.0
index_31588,1.0
index_31589,4.0
index_31590,2.0
index_31591,3.0
index_31592,1.0
index_31593,2.0
index_31594,2.0
index_31595,4.0
index_31596,5.0
index_31597,3.0
index_31598,3.0
index_31599,4.0
index_31600,1.0
index_31601,3.0
index_31602,3.0
index_31603,3.0
index_31604,4.0
index_31605,2.0
index_31606,1.0
index_31607,1.0
index_31608,3.0
index_31609,1.0
index_31610,3.0
index_31611,5.0
index_31612,2.0
index_31613,5.0
index_31614,2.0
index_31615,1.0
index_31616,2.0
index_31617,3.0
index_31618,1.0
index_31619,5.0
index_31620,3.0
index_31621,4.0
index_31622,4.0
index_31623,2.0
index_31624,4.0
index_31625,5.0
index_31626,1.0
index_31627,2.0
index_31628,2.0
index_31629,2.0
index_31630,5.0
index_31631,2.0
index_31632,3.0
index_31633,5.0
index_31634,2.0
index_31635,3.0
index_31636,1.0
index_31637,2.0
index_31638,3.0
index_31639,3.0
index_31640,4.0
index_31641,2.0
index_31642,2.0
index_31643,5.0
index_31644,1.0
index_31645,5.0
index_31646,4.0
index_31647,1.0
index_31648,5.0
index_31649,3.0
index_31650,2.0
index_31651,2.0
index_31652,4.0
index_31653,1.0
index_31654,2.0
index_31655,3.0
index_31656,2.0
index_31657,5.0
index_31658,1.0
index_31659,3.0
index_31660,5.0
index_31661,4.0
index_31662,4.0
index_31663,2.0
index_31664,2.0
index_31665,5.0
index_31666,4.0
index_31667,2.0
index_31668,3.0
index_31669,3.0
index_31670,3.0
index_31671,5.0
index_31672,3.0
index_31673,3.0
index_31674,1.0
index_31675,3.0
index_31676,4.0
index_31677,1.0
index_31678,3.0
index_31679,5.0
index_31680,5.0
index_31681,3.0
index_31682,4.0
index_31683,1.0
index_31684,4.0
index_31685,1.0
index_31686,3.0
index_31687,5.0
index_31688,5.0
index_31689,3.0
index_31690,2.0
index_31691,2.0
index_31692,1.0
index_31693,5.0
index_31694,3.0
index_31695,1.0
index_31696,4.0
index_31697,2.0
index_31698,5.0
index_31699,5.0
index_31700,2.0
index_31701,2.0
index_31702,2.0
index_31703,1.0
index_31704,3.0
index_31705,1.0
index_31706,4.0
index_31707,3.0
index_31708,1.0
index_31709,2.0
index_31710,3.0
index_31711,1.0
index_31712,2.0
index_31713,2.0
index_31714,3.0
index_31715,3.0
index_31716,2.0
index_31717,4.0
index_31718,5.0
index_31719,1.0
index_31720,1.0
index_31721,1.0
index_31722,3.0
index_31723,1.0
index_31724,1.0
index_31725,2.0
index_31726,2.0
index_31727,2.0
index_31728,5.0
index_31729,5.0
index_31730,2.0
index_31731,2.0
index_31732,3.0
index_31733,3.0
index_31734,4.0
index_31735,2.0
index_31736,1.0
index_31737,3.0
index_31738,5.0
index_31739,2.0
index_31740,4.0
index_31741,5.0
index_31742,1.0
index_31743,1.0
index_31744,1.0
index_31745,5.0
index_31746,2.0
index_31747,5.0
index_31748,3.0
index_31749,3.0
index_31750,1.0
index_31751,2.0
index_31752,4.0
index_31753,4.0
index_31754,4.0
index_31755,1.0
index_31756,1.0
index_31757,4.0
index_31758,4.0
index_31759,5.0
index_31760,3.0
index_31761,3.0
index_31762,4.0
index_31763,5.0
index_31764,1.0
index_31765,2.0
index_31766,4.0
index_31767,5.0
index_31768,2.0
index_31769,5.0
index_31770,4.0
index_31771,4.0
index_31772,1.0
index_31773,1.0
index_31774,1.0
index_31775,2.0
index_31776,3.0
index_31777,4.0
index_31778,5.0
index_31779,5.0
index_31780,1.0
index_31781,1.0
index_31782,2.0
index_31783,2.0
index_31784,2.0
index_31785,3.0
index_31786,4.0
index_31787,3.0
index_31788,4.0
index_31789,3.0
index_31790,5.0
index_31791,1.0
index_31792,4.0
index_31793,2.0
index_31794,1.0
index_31795,2.0
index_31796,1.0
index_31797,5.0
index_31798,1.0
index_31799,5.0
index_31800,4.0
index_31801,5.0
index_31802,2.0
index_31803,1.0
index_31804,4.0
index_31805,1.0
index_31806,5.0
index_31807,3.0
index_31808,2.0
index_31809,5.0
index_31810,4.0
index_31811,2.0
index_31812,5.0
index_31813,5.0
index_31814,5.0
index_31815,5.0
index_31816,2.0
index_31817,2.0
index_31818,3.0
index_31819,2.0
index_31820,5.0
index_31821,4.0
index_31822,5.0
index_31823,3.0
index_31824,5.0
index_31825,2.0
index_31826,1.0
index_31827,2.0
index_31828,3.0
index_31829,1.0
index_31830,4.0
index_31831,3.0
index_31832,2.0
index_31833,1.0
index_31834,3.0
index_31835,3.0
index_31836,1.0
index_31837,4.0
index_31838,5.0
index_31839,2.0
index_31840,2.0
index_31841,5.0
index_31842,1.0
index_31843,5.0
index_31844,5.0
index_31845,2.0
index_31846,2.0
index_31847,3.0
index_31848,3.0
index_31849,3.0
index_31850,1.0
index_31851,4.0
index_31852,3.0
index_31853,5.0
index_31854,2.0
index_31855,3.0
index_31856,1.0
index_31857,4.0
index_31858,1.0
index_31859,1.0
index_31860,1.0
index_31861,3.0
index_31862,5.0
index_31863,1.0
index_31864,2.0
index_31865,2.0
index_31866,4.0
index_31867,2.0
index_31868,1.0
index_31869,5.0
index_31870,3.0
index_31871,1.0
index_31872,3.0
index_31873,2.0
index_31874,3.0
index_31875,2.0
index_31876,2.0
index_31877,5.0
index_31878,3.0
index_31879,1.0
index_31880,5.0
index_31881,5.0
index_31882,1.0
index_31883,2.0
index_31884,4.0
index_31885,1.0
index_31886,3.0
index_31887,3.0
index_31888,2.0
index_31889,3.0
index_31890,4.0
index_31891,3.0
index_31892,5.0
index_31893,3.0
index_31894,3.0
index_31895,3.0
index_31896,3.0
index_31897,2.0
index_31898,4.0
index_31899,1.0
index_31900,3.0
index_31901,5.0
index_31902,4.0
index_31903,5.0
index_31904,3.0
index_31905,3.0
index_31906,4.0
index_31907,1.0
index_31908,5.0
index_31909,5.0
index_31910,5.0
index_31911,2.0
index_31912,1.0
index_31913,5.0
index_31914,4.0
index_31915,4.0
index_31916,5.0
index_31917,5.0
index_31918,2.0
index_31919,5.0
index_31920,2.0
index_31921,5.0
index_31922,4.0
index_31923,5.0
index_31924,1.0
index_31925,1.0
index_31926,4.0
index_31927,4.0
index_31928,1.0
index_31929,2.0
index_31930,3.0
index_31931,4.0
index_31932,4.0
index_31933,4.0
index_31934,5.0
index_31935,3.0
index_31936,5.0
index_31937,2.0
index_31938,1.0
index_31939,1.0
index_31940,2.0
index_31941,2.0
index_31942,5.0
index_31943,5.0
index_31944,3.0
index_31945,4.0
index_31946,1.0
index_31947,1.0
index_31948,2.0
index_31949,3.0
index_31950,2.0
index_31951,2.0
index_31952,3.0
index_31953,3.0
index_31954,3.0
index_31955,5.0
index_31956,3.0
index_31957,4.0
index_31958,3.0
index_31959,1.0
index_31960,5.0
index_31961,1.0
index_31962,5.0
index_31963,5.0
index_31964,3.0
index_31965,3.0
index_31966,2.0
index_31967,3.0
index_31968,1.0
index_31969,3.0
index_31970,1.0
index_31971,1.0
index_31972,4.0
index_31973,5.0
index_31974,2.0
index_31975,2.0
index_31976,1.0
index_31977,5.0
index_31978,1.0
index_31979,2.0
index_31980,3.0
index_31981,5.0
index_31982,1.0
index_31983,4.0
index_31984,4.0
index_31985,5.0
index_31986,5.0
index_31987,4.0
index_31988,4.0
index_31989,1.0
index_31990,1.0
index_31991,4.0
index_31992,1.0
index_31993,2.0
index_31994,1.0
index_31995,5.0
index_31996,3.0
index_31997,2.0
index_31998,2.0
index_31999,5.0
index_32000,1.0
index_32001,2.0
index_32002,4.0
index_32003,2.0
index_32004,5.0
index_32005,4.0
index_32006,4.0
index_32007,1.0
index_32008,5.0
index_32009,3.0
index_32010,1.0
index_32011,3.0
index_32012,5.0
index_32013,2.0
index_32014,4.0
index_32015,4.0
index_32016,3.0
index_32017,3.0
index_32018,3.0
index_32019,5.0
index_32020,1.0
index_32021,1.0
index_32022,2.0
index_32023,1.0
index_32024,5.0
index_32025,3.0
index_32026,4.0
index_32027,3.0
index_32028,5.0
index_32029,4.0
index_32030,5.0
index_32031,1.0
index_32032,2.0
index_32033,1.0
index_32034,4.0
index_32035,2.0
index_32036,4.0
index_32037,1.0
index_32038,1.0
index_32039,2.0
index_32040,2.0
index_32041,3.0
index_32042,2.0
index_32043,5.0
index_32044,3.0
index_32045,5.0
index_32046,4.0
index_32047,5.0
index_32048,3.0
index_32049,1.0
index_32050,3.0
index_32051,1.0
index_32052,5.0
index_32053,4.0
index_32054,1.0
index_32055,1.0
index_32056,1.0
index_32057,3.0
index_32058,1.0
index_32059,4.0
index_32060,4.0
index_32061,3.0
index_32062,3.0
index_32063,3.0
index_32064,3.0
index_32065,4.0
index_32066,1.0
index_32067,2.0
index_32068,3.0
index_32069,5.0
index_32070,2.0
index_32071,3.0
index_32072,1.0
index_32073,5.0
index_32074,3.0
index_32075,3.0
index_32076,2.0
index_32077,5.0
index_32078,5.0
index_32079,3.0
index_32080,1.0
index_32081,5.0
index_32082,1.0
index_32083,3.0
index_32084,1.0
index_32085,4.0
index_32086,1.0
index_32087,4.0
index_32088,5.0
index_32089,2.0
index_32090,3.0
index_32091,2.0
index_32092,3.0
index_32093,5.0
index_32094,5.0
index_32095,5.0
index_32096,5.0
index_32097,5.0
index_32098,2.0
index_32099,4.0
index_32100,4.0
index_32101,5.0
index_32102,3.0
index_32103,5.0
index_32104,1.0
index_32105,4.0
index_32106,2.0
index_32107,3.0
index_32108,3.0
index_32109,3.0
index_32110,3.0
index_32111,5.0
index_32112,5.0
index_32113,2.0
index_32114,2.0
index_32115,2.0
index_32116,4.0
index_32117,2.0
index_32118,2.0
index_32119,1.0
index_32120,5.0
index_32121,5.0
index_32122,2.0
index_32123,3.0
index_32124,2.0
index_32125,1.0
index_32126,1.0
index_32127,2.0
index_32128,1.0
index_32129,2.0
index_32130,4.0
index_32131,2.0
index_32132,3.0
index_32133,3.0
index_32134,4.0
index_32135,4.0
index_32136,3.0
index_32137,3.0
index_32138,2.0
index_32139,2.0
index_32140,5.0
index_32141,4.0
index_32142,3.0
index_32143,5.0
index_32144,5.0
index_32145,4.0
index_32146,1.0
index_32147,3.0
index_32148,5.0
index_32149,1.0
index_32150,2.0
index_32151,5.0
index_32152,1.0
index_32153,3.0
index_32154,3.0
index_32155,4.0
index_32156,4.0
index_32157,5.0
index_32158,3.0
index_32159,3.0
index_32160,1.0
index_32161,1.0
index_32162,1.0
index_32163,5.0
index_32164,2.0
index_32165,2.0
index_32166,4.0
index_32167,5.0
index_32168,4.0
index_32169,2.0
index_32170,1.0
index_32171,1.0
index_32172,2.0
index_32173,4.0
index_32174,3.0
index_32175,3.0
index_32176,1.0
index_32177,2.0
index_32178,5.0
index_32179,5.0
index_32180,2.0
index_32181,2.0
index_32182,2.0
index_32183,4.0
index_32184,5.0
index_32185,1.0
index_32186,4.0
index_32187,2.0
index_32188,2.0
index_32189,2.0
index_32190,2.0
index_32191,5.0
index_32192,4.0
index_32193,5.0
index_32194,1.0
index_32195,5.0
index_32196,3.0
index_32197,2.0
index_32198,5.0
index_32199,3.0
index_32200,3.0
index_32201,4.0
index_32202,4.0
index_32203,5.0
index_32204,2.0
index_32205,1.0
index_32206,2.0
index_32207,1.0
index_32208,2.0
index_32209,4.0
index_32210,5.0
index_32211,3.0
index_32212,4.0
index_32213,5.0
index_32214,1.0
index_32215,5.0
index_32216,3.0
index_32217,3.0
index_32218,2.0
index_32219,1.0
index_32220,5.0
index_32221,5.0
index_32222,3.0
index_32223,2.0
index_32224,5.0
index_32225,4.0
index_32226,2.0
index_32227,1.0
index_32228,1.0
index_32229,2.0
index_32230,1.0
index_32231,2.0
index_32232,4.0
index_32233,2.0
index_32234,5.0
index_32235,2.0
index_32236,3.0
index_32237,3.0
index_32238,3.0
index_32239,4.0
index_32240,5.0
index_32241,3.0
index_32242,1.0
index_32243,5.0
index_32244,4.0
index_32245,3.0
index_32246,4.0
index_32247,1.0
index_32248,2.0
index_32249,4.0
index_32250,4.0
index_32251,2.0
index_32252,1.0
index_32253,2.0
index_32254,2.0
index_32255,2.0
index_32256,5.0
index_32257,4.0
index_32258,2.0
index_32259,4.0
index_32260,3.0
index_32261,2.0
index_32262,1.0
index_32263,1.0
index_32264,3.0
index_32265,4.0
index_32266,2.0
index_32267,2.0
index_32268,1.0
index_32269,3.0
index_32270,3.0
index_32271,3.0
index_32272,5.0
index_32273,3.0
index_32274,5.0
index_32275,3.0
index_32276,1.0
index_32277,5.0
index_32278,2.0
index_32279,5.0
index_32280,1.0
index_32281,3.0
index_32282,3.0
index_32283,5.0
index_32284,5.0
index_32285,4.0
index_32286,4.0
index_32287,5.0
index_32288,3.0
index_32289,2.0
index_32290,4.0
index_32291,1.0
index_32292,2.0
index_32293,3.0
index_32294,3.0
index_32295,4.0
index_32296,1.0
index_32297,1.0
index_32298,1.0
index_32299,1.0
index_32300,3.0
index_32301,3.0
index_32302,3.0
index_32303,3.0
index_32304,5.0
index_32305,4.0
index_32306,3.0
index_32307,4.0
index_32308,2.0
index_32309,2.0
index_32310,1.0
index_32311,1.0
index_32312,3.0
index_32313,1.0
index_32314,2.0
index_32315,1.0
index_32316,3.0
index_32317,3.0
index_32318,5.0
index_32319,2.0
index_32320,4.0
index_32321,3.0
index_32322,3.0
index_32323,5.0
index_32324,1.0
index_32325,2.0
index_32326,5.0
index_32327,4.0
index_32328,1.0
index_32329,3.0
index_32330,2.0
index_32331,1.0
index_32332,4.0
index_32333,2.0
index_32334,5.0
index_32335,3.0
index_32336,2.0
index_32337,1.0
index_32338,2.0
index_32339,5.0
index_32340,3.0
index_32341,2.0
index_32342,2.0
index_32343,5.0
index_32344,5.0
index_32345,1.0
index_32346,5.0
index_32347,5.0
index_32348,5.0
index_32349,5.0
index_32350,3.0
index_32351,4.0
index_32352,4.0
index_32353,5.0
index_32354,3.0
index_32355,5.0
index_32356,5.0
index_32357,3.0
index_32358,5.0
index_32359,5.0
index_32360,5.0
index_32361,4.0
index_32362,2.0
index_32363,3.0
index_32364,3.0
index_32365,4.0
index_32366,2.0
index_32367,1.0
index_32368,2.0
index_32369,2.0
index_32370,1.0
index_32371,1.0
index_32372,2.0
index_32373,4.0
index_32374,3.0
index_32375,1.0
index_32376,5.0
index_32377,1.0
index_32378,1.0
index_32379,2.0
index_32380,3.0
index_32381,5.0
index_32382,5.0
index_32383,4.0
index_32384,3.0
index_32385,5.0
index_32386,5.0
index_32387,4.0
index_32388,3.0
index_32389,1.0
index_32390,2.0
index_32391,3.0
index_32392,5.0
index_32393,4.0
index_32394,4.0
index_32395,3.0
index_32396,5.0
index_32397,1.0
index_32398,2.0
index_32399,4.0
index_32400,4.0
index_32401,3.0
index_32402,2.0
index_32403,2.0
index_32404,4.0
index_32405,1.0
index_32406,1.0
index_32407,1.0
index_32408,5.0
index_32409,5.0
index_32410,4.0
index_32411,2.0
index_32412,1.0
index_32413,3.0
index_32414,3.0
index_32415,1.0
index_32416,3.0
index_32417,5.0
index_32418,3.0
index_32419,5.0
index_32420,1.0
index_32421,1.0
index_32422,3.0
index_32423,5.0
index_32424,2.0
index_32425,3.0
index_32426,4.0
index_32427,1.0
index_32428,4.0
index_32429,3.0
index_32430,1.0
index_32431,3.0
index_32432,3.0
index_32433,4.0
index_32434,2.0
index_32435,1.0
index_32436,4.0
index_32437,5.0
index_32438,3.0
index_32439,1.0
index_32440,5.0
index_32441,2.0
index_32442,2.0
index_32443,3.0
index_32444,2.0
index_32445,3.0
index_32446,4.0
index_32447,2.0
index_32448,5.0
index_32449,2.0
index_32450,3.0
index_32451,5.0
index_32452,1.0
index_32453,1.0
index_32454,3.0
index_32455,4.0
index_32456,3.0
index_32457,2.0
index_32458,4.0
index_32459,1.0
index_32460,3.0
index_32461,1.0
index_32462,1.0
index_32463,1.0
index_32464,4.0
index_32465,2.0
index_32466,2.0
index_32467,1.0
index_32468,1.0
index_32469,1.0
index_32470,3.0
index_32471,2.0
index_32472,4.0
index_32473,1.0
index_32474,3.0
index_32475,2.0
index_32476,1.0
index_32477,1.0
index_32478,4.0
index_32479,1.0
index_32480,2.0
index_32481,2.0
index_32482,3.0
index_32483,3.0
index_32484,2.0
index_32485,5.0
index_32486,5.0
index_32487,1.0
index_32488,1.0
index_32489,2.0
index_32490,1.0
index_32491,3.0
index_32492,3.0
index_32493,2.0
index_32494,3.0
index_32495,2.0
index_32496,2.0
index_32497,3.0
index_32498,3.0
index_32499,5.0
index_32500,4.0
index_32501,3.0
index_32502,5.0
index_32503,4.0
index_32504,1.0
index_32505,1.0
index_32506,2.0
index_32507,1.0
index_32508,3.0
index_32509,5.0
index_32510,4.0
index_32511,2.0
index_32512,1.0
index_32513,5.0
index_32514,2.0
index_32515,2.0
index_32516,4.0
index_32517,1.0
index_32518,5.0
index_32519,4.0
index_32520,3.0
index_32521,1.0
index_32522,3.0
index_32523,2.0
index_32524,3.0
index_32525,3.0
index_32526,5.0
index_32527,5.0
index_32528,3.0
index_32529,1.0
index_32530,1.0
index_32531,2.0
index_32532,3.0
index_32533,3.0
index_32534,2.0
index_32535,1.0
index_32536,4.0
index_32537,5.0
index_32538,5.0
index_32539,4.0
index_32540,2.0
index_32541,5.0
index_32542,3.0
index_32543,4.0
index_32544,4.0
index_32545,5.0
index_32546,3.0
index_32547,2.0
index_32548,4.0
index_32549,5.0
index_32550,2.0
index_32551,1.0
index_32552,3.0
index_32553,1.0
index_32554,4.0
index_32555,5.0
index_32556,2.0
index_32557,3.0
index_32558,2.0
index_32559,3.0
index_32560,5.0
index_32561,5.0
index_32562,3.0
index_32563,2.0
index_32564,2.0
index_32565,3.0
index_32566,4.0
index_32567,2.0
index_32568,4.0
index_32569,1.0
index_32570,2.0
index_32571,5.0
index_32572,1.0
index_32573,5.0
index_32574,2.0
index_32575,3.0
index_32576,3.0
index_32577,1.0
index_32578,2.0
index_32579,5.0
index_32580,1.0
index_32581,4.0
index_32582,4.0
index_32583,2.0
index_32584,4.0
index_32585,1.0
index_32586,3.0
index_32587,4.0
index_32588,2.0
index_32589,4.0
index_32590,5.0
index_32591,4.0
index_32592,4.0
index_32593,3.0
index_32594,5.0
index_32595,4.0
index_32596,1.0
index_32597,5.0
index_32598,1.0
index_32599,5.0
index_32600,2.0
index_32601,5.0
index_32602,4.0
index_32603,3.0
index_32604,2.0
index_32605,4.0
index_32606,1.0
index_32607,4.0
index_32608,2.0
index_32609,5.0
index_32610,5.0
index_32611,1.0
index_32612,5.0
index_32613,3.0
index_32614,2.0
index_32615,1.0
index_32616,2.0
index_32617,4.0
index_32618,4.0
index_32619,2.0
index_32620,2.0
index_32621,2.0
index_32622,2.0
index_32623,1.0
index_32624,1.0
index_32625,2.0
index_32626,4.0
index_32627,5.0
index_32628,5.0
index_32629,4.0
index_32630,2.0
index_32631,5.0
index_32632,1.0
index_32633,3.0
index_32634,3.0
index_32635,1.0
index_32636,3.0
index_32637,3.0
index_32638,4.0
index_32639,5.0
index_32640,5.0
index_32641,5.0
index_32642,3.0
index_32643,4.0
index_32644,5.0
index_32645,2.0
index_32646,1.0
index_32647,1.0
index_32648,3.0
index_32649,2.0
index_32650,4.0
index_32651,3.0
index_32652,2.0
index_32653,1.0
index_32654,5.0
index_32655,2.0
index_32656,3.0
index_32657,4.0
index_32658,3.0
index_32659,1.0
index_32660,1.0
index_32661,5.0
index_32662,3.0
index_32663,3.0
index_32664,2.0
index_32665,3.0
index_32666,2.0
index_32667,2.0
index_32668,3.0
index_32669,3.0
index_32670,5.0
index_32671,4.0
index_32672,5.0
index_32673,2.0
index_32674,1.0
index_32675,2.0
index_32676,3.0
index_32677,1.0
index_32678,5.0
index_32679,5.0
index_32680,1.0
index_32681,1.0
index_32682,3.0
index_32683,4.0
index_32684,5.0
index_32685,3.0
index_32686,2.0
index_32687,5.0
index_32688,1.0
index_32689,5.0
index_32690,4.0
index_32691,3.0
index_32692,5.0
index_32693,4.0
index_32694,4.0
index_32695,2.0
index_32696,5.0
index_32697,1.0
index_32698,4.0
index_32699,3.0
index_32700,2.0
index_32701,2.0
index_32702,1.0
index_32703,5.0
index_32704,2.0
index_32705,1.0
index_32706,4.0
index_32707,4.0
index_32708,3.0
index_32709,2.0
index_32710,5.0
index_32711,3.0
index_32712,5.0
index_32713,2.0
index_32714,5.0
index_32715,1.0
index_32716,4.0
index_32717,4.0
index_32718,2.0
index_32719,5.0
index_32720,5.0
index_32721,1.0
index_32722,3.0
index_32723,1.0
index_32724,3.0
index_32725,4.0
index_32726,5.0
index_32727,1.0
index_32728,3.0
index_32729,5.0
index_32730,1.0
index_32731,4.0
index_32732,4.0
index_32733,2.0
index_32734,2.0
index_32735,3.0
index_32736,4.0
index_32737,1.0
index_32738,2.0
index_32739,3.0
index_32740,1.0
index_32741,3.0
index_32742,5.0
index_32743,1.0
index_32744,3.0
index_32745,1.0
index_32746,3.0
index_32747,4.0
index_32748,2.0
index_32749,3.0
index_32750,2.0
index_32751,5.0
index_32752,5.0
index_32753,3.0
index_32754,3.0
index_32755,3.0
index_32756,4.0
index_32757,2.0
index_32758,4.0
index_32759,4.0
index_32760,1.0
index_32761,1.0
index_32762,2.0
index_32763,3.0
index_32764,1.0
index_32765,3.0
index_32766,2.0
index_32767,5.0
index_32768,2.0
index_32769,2.0
index_32770,3.0
index_32771,2.0
index_32772,5.0
index_32773,5.0
index_32774,3.0
index_32775,3.0
index_32776,5.0
index_32777,2.0
index_32778,2.0
index_32779,3.0
index_32780,5.0
index_32781,3.0
index_32782,3.0
index_32783,2.0
index_32784,1.0
index_32785,1.0
index_32786,5.0
index_32787,5.0
index_32788,1.0
index_32789,4.0
index_32790,1.0
index_32791,4.0
index_32792,5.0
index_32793,4.0
index_32794,3.0
index_32795,5.0
index_32796,2.0
index_32797,2.0
index_32798,1.0
index_32799,1.0
index_32800,3.0
index_32801,4.0
index_32802,5.0
index_32803,4.0
index_32804,1.0
index_32805,5.0
index_32806,1.0
index_32807,3.0
index_32808,5.0
index_32809,2.0
index_32810,5.0
index_32811,5.0
index_32812,1.0
index_32813,5.0
index_32814,2.0
index_32815,3.0
index_32816,1.0
index_32817,3.0
index_32818,4.0
index_32819,1.0
index_32820,2.0
index_32821,3.0
index_32822,1.0
index_32823,1.0
index_32824,3.0
index_32825,2.0
index_32826,5.0
index_32827,1.0
index_32828,2.0
index_32829,1.0
index_32830,1.0
index_32831,5.0
index_32832,4.0
index_32833,3.0
index_32834,2.0
index_32835,4.0
index_32836,1.0
index_32837,5.0
index_32838,3.0
index_32839,2.0
index_32840,4.0
index_32841,1.0
index_32842,5.0
index_32843,5.0
index_32844,5.0
index_32845,1.0
index_32846,1.0
index_32847,5.0
index_32848,3.0
index_32849,2.0
index_32850,2.0
index_32851,2.0
index_32852,3.0
index_32853,1.0
index_32854,3.0
index_32855,3.0
index_32856,5.0
index_32857,4.0
index_32858,1.0
index_32859,4.0
index_32860,2.0
index_32861,3.0
index_32862,4.0
index_32863,4.0
index_32864,1.0
index_32865,1.0
index_32866,5.0
index_32867,1.0
index_32868,2.0
index_32869,4.0
index_32870,2.0
index_32871,5.0
index_32872,2.0
index_32873,1.0
index_32874,4.0
index_32875,1.0
index_32876,3.0
index_32877,4.0
index_32878,1.0
index_32879,1.0
index_32880,3.0
index_32881,2.0
index_32882,4.0
index_32883,1.0
index_32884,2.0
index_32885,1.0
index_32886,1.0
index_32887,1.0
index_32888,3.0
index_32889,1.0
index_32890,5.0
index_32891,3.0
index_32892,3.0
index_32893,3.0
index_32894,3.0
index_32895,3.0
index_32896,3.0
index_32897,4.0
index_32898,2.0
index_32899,3.0
index_32900,3.0
index_32901,4.0
index_32902,2.0
index_32903,3.0
index_32904,1.0
index_32905,2.0
index_32906,5.0
index_32907,1.0
index_32908,4.0
index_32909,1.0
index_32910,2.0
index_32911,1.0
index_32912,4.0
index_32913,3.0
index_32914,4.0
index_32915,3.0
index_32916,1.0
index_32917,1.0
index_32918,2.0
index_32919,1.0
index_32920,1.0
index_32921,5.0
index_32922,2.0
index_32923,1.0
index_32924,5.0
index_32925,1.0
index_32926,1.0
index_32927,4.0
index_32928,2.0
index_32929,5.0
index_32930,2.0
index_32931,5.0
index_32932,4.0
index_32933,4.0
index_32934,3.0
index_32935,2.0
index_32936,1.0
index_32937,5.0
index_32938,1.0
index_32939,1.0
index_32940,4.0
index_32941,1.0
index_32942,1.0
index_32943,2.0
index_32944,4.0
index_32945,5.0
index_32946,5.0
index_32947,4.0
index_32948,5.0
index_32949,5.0
index_32950,2.0
index_32951,4.0
index_32952,1.0
index_32953,3.0
index_32954,2.0
index_32955,3.0
index_32956,1.0
index_32957,1.0
index_32958,5.0
index_32959,2.0
index_32960,1.0
index_32961,5.0
index_32962,3.0
index_32963,4.0
index_32964,2.0
index_32965,5.0
index_32966,1.0
index_32967,1.0
index_32968,1.0
index_32969,4.0
index_32970,5.0
index_32971,1.0
index_32972,3.0
index_32973,3.0
index_32974,5.0
index_32975,2.0
index_32976,3.0
index_32977,1.0
index_32978,2.0
index_32979,4.0
index_32980,5.0
index_32981,2.0
index_32982,1.0
index_32983,5.0
index_32984,3.0
index_32985,3.0
index_32986,3.0
index_32987,3.0
index_32988,1.0
index_32989,3.0
index_32990,1.0
index_32991,1.0
index_32992,1.0
index_32993,3.0
index_32994,4.0
index_32995,1.0
index_32996,3.0
index_32997,4.0
index_32998,1.0
index_32999,5.0
index_33000,3.0
index_33001,3.0
index_33002,5.0
index_33003,1.0
index_33004,5.0
index_33005,5.0
index_33006,1.0
index_33007,5.0
index_33008,5.0
index_33009,3.0
index_33010,2.0
index_33011,1.0
index_33012,1.0
index_33013,3.0
index_33014,1.0
index_33015,4.0
index_33016,1.0
index_33017,1.0
index_33018,4.0
index_33019,4.0
index_33020,3.0
index_33021,5.0
index_33022,1.0
index_33023,3.0
index_33024,2.0
index_33025,1.0
index_33026,1.0
index_33027,2.0
index_33028,5.0
index_33029,4.0
index_33030,5.0
index_33031,2.0
index_33032,2.0
index_33033,2.0
index_33034,5.0
index_33035,2.0
index_33036,2.0
index_33037,1.0
index_33038,2.0
index_33039,5.0
index_33040,5.0
index_33041,5.0
index_33042,2.0
index_33043,1.0
index_33044,1.0
index_33045,3.0
index_33046,3.0
index_33047,3.0
index_33048,3.0
index_33049,4.0
index_33050,4.0
index_33051,1.0
index_33052,3.0
index_33053,4.0
index_33054,1.0
index_33055,3.0
index_33056,1.0
index_33057,5.0
index_33058,2.0
index_33059,4.0
index_33060,3.0
index_33061,5.0
index_33062,2.0
index_33063,3.0
index_33064,2.0
index_33065,4.0
index_33066,2.0
index_33067,4.0
index_33068,3.0
index_33069,3.0
index_33070,2.0
index_33071,2.0
index_33072,2.0
index_33073,4.0
index_33074,3.0
index_33075,2.0
index_33076,2.0
index_33077,4.0
index_33078,2.0
index_33079,5.0
index_33080,1.0
index_33081,2.0
index_33082,1.0
index_33083,1.0
index_33084,5.0
index_33085,3.0
index_33086,2.0
index_33087,2.0
index_33088,4.0
index_33089,1.0
index_33090,4.0
index_33091,5.0
index_33092,4.0
index_33093,5.0
index_33094,1.0
index_33095,2.0
index_33096,2.0
index_33097,5.0
index_33098,3.0
index_33099,2.0
index_33100,3.0
index_33101,3.0
index_33102,1.0
index_33103,1.0
index_33104,1.0
index_33105,1.0
index_33106,2.0
index_33107,2.0
index_33108,3.0
index_33109,2.0
index_33110,3.0
index_33111,2.0
index_33112,2.0
index_33113,3.0
index_33114,4.0
index_33115,4.0
index_33116,5.0
index_33117,3.0
index_33118,5.0
index_33119,5.0
index_33120,5.0
index_33121,1.0
index_33122,3.0
index_33123,4.0
index_33124,3.0
index_33125,2.0
index_33126,3.0
index_33127,1.0
index_33128,1.0
index_33129,1.0
index_33130,1.0
index_33131,1.0
index_33132,5.0
index_33133,5.0
index_33134,4.0
index_33135,1.0
index_33136,2.0
index_33137,2.0
index_33138,1.0
index_33139,5.0
index_33140,4.0
index_33141,2.0
index_33142,2.0
index_33143,3.0
index_33144,2.0
index_33145,5.0
index_33146,3.0
index_33147,2.0
index_33148,5.0
index_33149,5.0
index_33150,2.0
index_33151,1.0
index_33152,1.0
index_33153,3.0
index_33154,1.0
index_33155,3.0
index_33156,2.0
index_33157,2.0
index_33158,1.0
index_33159,1.0
index_33160,1.0
index_33161,4.0
index_33162,1.0
index_33163,1.0
index_33164,4.0
index_33165,5.0
index_33166,5.0
index_33167,3.0
index_33168,2.0
index_33169,1.0
index_33170,1.0
index_33171,1.0
index_33172,5.0
index_33173,5.0
index_33174,2.0
index_33175,4.0
index_33176,1.0
index_33177,5.0
index_33178,1.0
index_33179,3.0
index_33180,1.0
index_33181,2.0
index_33182,5.0
index_33183,3.0
index_33184,5.0
index_33185,1.0
index_33186,1.0
index_33187,3.0
index_33188,1.0
index_33189,3.0
index_33190,1.0
index_33191,5.0
index_33192,1.0
index_33193,2.0
index_33194,5.0
index_33195,3.0
index_33196,1.0
index_33197,5.0
index_33198,3.0
index_33199,5.0
index_33200,4.0
index_33201,2.0
index_33202,1.0
index_33203,4.0
index_33204,1.0
index_33205,1.0
index_33206,3.0
index_33207,5.0
index_33208,5.0
index_33209,4.0
index_33210,1.0
index_33211,3.0
index_33212,1.0
index_33213,2.0
index_33214,3.0
index_33215,3.0
index_33216,5.0
index_33217,5.0
index_33218,4.0
index_33219,3.0
index_33220,3.0
index_33221,1.0
index_33222,5.0
index_33223,2.0
index_33224,3.0
index_33225,3.0
index_33226,1.0
index_33227,1.0
index_33228,1.0
index_33229,1.0
index_33230,4.0
index_33231,1.0
index_33232,3.0
index_33233,1.0
index_33234,5.0
index_33235,1.0
index_33236,1.0
index_33237,1.0
index_33238,2.0
index_33239,4.0
index_33240,3.0
index_33241,1.0
index_33242,4.0
index_33243,2.0
index_33244,5.0
index_33245,2.0
index_33246,3.0
index_33247,3.0
index_33248,2.0
index_33249,5.0
index_33250,5.0
index_33251,2.0
index_33252,3.0
index_33253,3.0
index_33254,1.0
index_33255,1.0
index_33256,2.0
index_33257,1.0
index_33258,1.0
index_33259,5.0
index_33260,4.0
index_33261,5.0
index_33262,5.0
index_33263,5.0
index_33264,4.0
index_33265,2.0
index_33266,4.0
index_33267,2.0
index_33268,2.0
index_33269,1.0
index_33270,4.0
index_33271,2.0
index_33272,2.0
index_33273,1.0
index_33274,4.0
index_33275,3.0
index_33276,4.0
index_33277,3.0
index_33278,1.0
index_33279,2.0
index_33280,4.0
index_33281,2.0
index_33282,4.0
index_33283,1.0
index_33284,2.0
index_33285,5.0
index_33286,3.0
index_33287,5.0
index_33288,4.0
index_33289,3.0
index_33290,5.0
index_33291,5.0
index_33292,2.0
index_33293,1.0
index_33294,2.0
index_33295,3.0
index_33296,5.0
index_33297,3.0
index_33298,3.0
index_33299,1.0
index_33300,5.0
index_33301,3.0
index_33302,5.0
index_33303,5.0
index_33304,4.0
index_33305,1.0
index_33306,2.0
index_33307,4.0
index_33308,5.0
index_33309,5.0
index_33310,3.0
index_33311,2.0
index_33312,2.0
index_33313,4.0
index_33314,3.0
index_33315,3.0
index_33316,5.0
index_33317,3.0
index_33318,3.0
index_33319,5.0
index_33320,5.0
index_33321,3.0
index_33322,3.0
index_33323,4.0
index_33324,4.0
index_33325,2.0
index_33326,5.0
index_33327,5.0
index_33328,3.0
index_33329,4.0
index_33330,1.0
index_33331,3.0
index_33332,5.0
index_33333,4.0
index_33334,2.0
index_33335,5.0
index_33336,5.0
index_33337,5.0
index_33338,5.0
index_33339,5.0
index_33340,5.0
index_33341,5.0
index_33342,5.0
index_33343,4.0
index_33344,3.0
index_33345,5.0
index_33346,1.0
index_33347,3.0
index_33348,2.0
index_33349,4.0
index_33350,1.0
index_33351,4.0
index_33352,2.0
index_33353,3.0
index_33354,5.0
index_33355,4.0
index_33356,2.0
index_33357,1.0
index_33358,5.0
index_33359,1.0
index_33360,3.0
index_33361,2.0
index_33362,4.0
index_33363,5.0
index_33364,4.0
index_33365,3.0
index_33366,4.0
index_33367,4.0
index_33368,5.0
index_33369,5.0
index_33370,4.0
index_33371,2.0
index_33372,2.0
index_33373,3.0
index_33374,2.0
index_33375,4.0
index_33376,2.0
index_33377,1.0
index_33378,1.0
index_33379,5.0
index_33380,2.0
index_33381,3.0
index_33382,5.0
index_33383,1.0
index_33384,5.0
index_33385,5.0
index_33386,4.0
index_33387,5.0
index_33388,4.0
index_33389,2.0
index_33390,2.0
index_33391,5.0
index_33392,4.0
index_33393,2.0
index_33394,5.0
index_33395,3.0
index_33396,3.0
index_33397,1.0
index_33398,2.0
index_33399,2.0
index_33400,3.0
index_33401,3.0
index_33402,2.0
index_33403,1.0
index_33404,3.0
index_33405,3.0
index_33406,5.0
index_33407,3.0
index_33408,2.0
index_33409,1.0
index_33410,5.0
index_33411,5.0
index_33412,3.0
index_33413,5.0
index_33414,2.0
index_33415,4.0
index_33416,1.0
index_33417,1.0
index_33418,3.0
index_33419,5.0
index_33420,5.0
index_33421,2.0
index_33422,1.0
index_33423,2.0
index_33424,1.0
index_33425,1.0
index_33426,1.0
index_33427,5.0
index_33428,5.0
index_33429,1.0
index_33430,2.0
index_33431,4.0
index_33432,1.0
index_33433,4.0
index_33434,5.0
index_33435,2.0
index_33436,3.0
index_33437,2.0
index_33438,5.0
index_33439,3.0
index_33440,4.0
index_33441,4.0
index_33442,5.0
index_33443,2.0
index_33444,3.0
index_33445,5.0
index_33446,2.0
index_33447,5.0
index_33448,4.0
index_33449,2.0
index_33450,2.0
index_33451,2.0
index_33452,3.0
index_33453,5.0
index_33454,2.0
index_33455,1.0
index_33456,2.0
index_33457,5.0
index_33458,5.0
index_33459,1.0
index_33460,1.0
index_33461,2.0
index_33462,1.0
index_33463,1.0
index_33464,5.0
index_33465,1.0
index_33466,5.0
index_33467,1.0
index_33468,1.0
index_33469,2.0
index_33470,2.0
index_33471,2.0
index_33472,2.0
index_33473,4.0
index_33474,5.0
index_33475,2.0
index_33476,1.0
index_33477,2.0
index_33478,1.0
index_33479,3.0
index_33480,4.0
index_33481,4.0
index_33482,3.0
index_33483,2.0
index_33484,5.0
index_33485,1.0
index_33486,1.0
index_33487,1.0
index_33488,3.0
index_33489,2.0
index_33490,3.0
index_33491,5.0
index_33492,2.0
index_33493,2.0
index_33494,5.0
index_33495,1.0
index_33496,3.0
index_33497,2.0
index_33498,5.0
index_33499,5.0
index_33500,2.0
index_33501,2.0
index_33502,4.0
index_33503,1.0
index_33504,3.0
index_33505,4.0
index_33506,5.0
index_33507,2.0
index_33508,2.0
index_33509,5.0
index_33510,3.0
index_33511,2.0
index_33512,2.0
index_33513,4.0
index_33514,1.0
index_33515,1.0
index_33516,2.0
index_33517,4.0
index_33518,1.0
index_33519,3.0
index_33520,1.0
index_33521,5.0
index_33522,4.0
index_33523,5.0
index_33524,4.0
index_33525,1.0
index_33526,5.0
index_33527,5.0
index_33528,5.0
index_33529,5.0
index_33530,4.0
index_33531,4.0
index_33532,5.0
index_33533,3.0
index_33534,4.0
index_33535,2.0
index_33536,3.0
index_33537,5.0
index_33538,1.0
index_33539,1.0
index_33540,4.0
index_33541,5.0
index_33542,3.0
index_33543,3.0
index_33544,4.0
index_33545,1.0
index_33546,1.0
index_33547,2.0
index_33548,3.0
index_33549,3.0
index_33550,1.0
index_33551,5.0
index_33552,4.0
index_33553,4.0
index_33554,4.0
index_33555,1.0
index_33556,1.0
index_33557,5.0
index_33558,5.0
index_33559,5.0
index_33560,1.0
index_33561,3.0
index_33562,2.0
index_33563,3.0
index_33564,5.0
index_33565,5.0
index_33566,1.0
index_33567,2.0
index_33568,3.0
index_33569,3.0
index_33570,2.0
index_33571,1.0
index_33572,1.0
index_33573,4.0
index_33574,5.0
index_33575,1.0
index_33576,3.0
index_33577,2.0
index_33578,5.0
index_33579,2.0
index_33580,2.0
index_33581,1.0
index_33582,1.0
index_33583,2.0
index_33584,3.0
index_33585,1.0
index_33586,1.0
index_33587,4.0
index_33588,4.0
index_33589,4.0
index_33590,1.0
index_33591,3.0
index_33592,5.0
index_33593,1.0
index_33594,3.0
index_33595,4.0
index_33596,2.0
index_33597,5.0
index_33598,5.0
index_33599,4.0
index_33600,4.0
index_33601,5.0
index_33602,3.0
index_33603,2.0
index_33604,3.0
index_33605,5.0
index_33606,2.0
index_33607,5.0
index_33608,5.0
index_33609,1.0
index_33610,3.0
index_33611,1.0
index_33612,1.0
index_33613,2.0
index_33614,2.0
index_33615,2.0
index_33616,2.0
index_33617,1.0
index_33618,5.0
index_33619,3.0
index_33620,2.0
index_33621,4.0
index_33622,2.0
index_33623,3.0
index_33624,1.0
index_33625,4.0
index_33626,4.0
index_33627,3.0
index_33628,4.0
index_33629,3.0
index_33630,4.0
index_33631,3.0
index_33632,1.0
index_33633,1.0
index_33634,2.0
index_33635,3.0
index_33636,3.0
index_33637,1.0
index_33638,5.0
index_33639,5.0
index_33640,5.0
index_33641,4.0
index_33642,5.0
index_33643,2.0
index_33644,1.0
index_33645,1.0
index_33646,5.0
index_33647,5.0
index_33648,3.0
index_33649,5.0
index_33650,2.0
index_33651,5.0
index_33652,4.0
index_33653,4.0
index_33654,1.0
index_33655,5.0
index_33656,5.0
index_33657,1.0
index_33658,2.0
index_33659,2.0
index_33660,4.0
index_33661,5.0
index_33662,5.0
index_33663,1.0
index_33664,2.0
index_33665,3.0
index_33666,2.0
index_33667,4.0
index_33668,2.0
index_33669,4.0
index_33670,4.0
index_33671,4.0
index_33672,3.0
index_33673,3.0
index_33674,2.0
index_33675,5.0
index_33676,1.0
index_33677,4.0
index_33678,3.0
index_33679,2.0
index_33680,5.0
index_33681,1.0
index_33682,5.0
index_33683,2.0
index_33684,5.0
index_33685,5.0
index_33686,4.0
index_33687,3.0
index_33688,5.0
index_33689,2.0
index_33690,3.0
index_33691,4.0
index_33692,4.0
index_33693,5.0
index_33694,5.0
index_33695,3.0
index_33696,1.0
index_33697,3.0
index_33698,3.0
index_33699,2.0
index_33700,2.0
index_33701,1.0
index_33702,3.0
index_33703,5.0
index_33704,1.0
index_33705,1.0
index_33706,4.0
index_33707,2.0
index_33708,5.0
index_33709,5.0
index_33710,3.0
index_33711,4.0
index_33712,3.0
index_33713,4.0
index_33714,5.0
index_33715,2.0
index_33716,4.0
index_33717,4.0
index_33718,2.0
index_33719,3.0
index_33720,2.0
index_33721,2.0
index_33722,5.0
index_33723,2.0
index_33724,3.0
index_33725,5.0
index_33726,5.0
index_33727,1.0
index_33728,3.0
index_33729,1.0
index_33730,2.0
index_33731,1.0
index_33732,1.0
index_33733,2.0
index_33734,5.0
index_33735,2.0
index_33736,3.0
index_33737,4.0
index_33738,5.0
index_33739,1.0
index_33740,3.0
index_33741,5.0
index_33742,2.0
index_33743,3.0
index_33744,5.0
index_33745,1.0
index_33746,2.0
index_33747,2.0
index_33748,5.0
index_33749,1.0
index_33750,4.0
index_33751,2.0
index_33752,4.0
index_33753,2.0
index_33754,3.0
index_33755,2.0
index_33756,1.0
index_33757,5.0
index_33758,4.0
index_33759,3.0
index_33760,3.0
index_33761,5.0
index_33762,1.0
index_33763,5.0
index_33764,3.0
index_33765,3.0
index_33766,5.0
index_33767,1.0
index_33768,2.0
index_33769,3.0
index_33770,2.0
index_33771,3.0
index_33772,4.0
index_33773,1.0
index_33774,4.0
index_33775,4.0
index_33776,3.0
index_33777,4.0
index_33778,3.0
index_33779,1.0
index_33780,1.0
index_33781,4.0
index_33782,5.0
index_33783,2.0
index_33784,2.0
index_33785,4.0
index_33786,4.0
index_33787,5.0
index_33788,1.0
index_33789,2.0
index_33790,1.0
index_33791,3.0
index_33792,1.0
index_33793,4.0
index_33794,5.0
index_33795,5.0
index_33796,4.0
index_33797,4.0
index_33798,5.0
index_33799,3.0
index_33800,1.0
index_33801,4.0
index_33802,4.0
index_33803,4.0
index_33804,1.0
index_33805,3.0
index_33806,5.0
index_33807,1.0
index_33808,2.0
index_33809,3.0
index_33810,2.0
index_33811,4.0
index_33812,4.0
index_33813,4.0
index_33814,2.0
index_33815,1.0
index_33816,2.0
index_33817,3.0
index_33818,3.0
index_33819,1.0
index_33820,1.0
index_33821,4.0
index_33822,3.0
index_33823,5.0
index_33824,1.0
index_33825,2.0
index_33826,1.0
index_33827,1.0
index_33828,2.0
index_33829,5.0
index_33830,5.0
index_33831,3.0
index_33832,1.0
index_33833,1.0
index_33834,2.0
index_33835,2.0
index_33836,5.0
index_33837,1.0
index_33838,5.0
index_33839,2.0
index_33840,3.0
index_33841,2.0
index_33842,4.0
index_33843,3.0
index_33844,2.0
index_33845,1.0
index_33846,3.0
index_33847,2.0
index_33848,2.0
index_33849,3.0
index_33850,5.0
index_33851,3.0
index_33852,5.0
index_33853,2.0
index_33854,5.0
index_33855,2.0
index_33856,2.0
index_33857,2.0
index_33858,5.0
index_33859,2.0
index_33860,3.0
index_33861,2.0
index_33862,2.0
index_33863,1.0
index_33864,2.0
index_33865,2.0
index_33866,1.0
index_33867,1.0
index_33868,2.0
index_33869,2.0
index_33870,1.0
index_33871,2.0
index_33872,4.0
index_33873,4.0
index_33874,3.0
index_33875,1.0
index_33876,4.0
index_33877,3.0
index_33878,1.0
index_33879,4.0
index_33880,1.0
index_33881,2.0
index_33882,3.0
index_33883,2.0
index_33884,4.0
index_33885,5.0
index_33886,2.0
index_33887,3.0
index_33888,5.0
index_33889,1.0
index_33890,2.0
index_33891,2.0
index_33892,4.0
index_33893,2.0
index_33894,2.0
index_33895,4.0
index_33896,5.0
index_33897,1.0
index_33898,4.0
index_33899,3.0
index_33900,3.0
index_33901,1.0
index_33902,5.0
index_33903,1.0
index_33904,1.0
index_33905,5.0
index_33906,5.0
index_33907,5.0
index_33908,5.0
index_33909,4.0
index_33910,2.0
index_33911,3.0
index_33912,2.0
index_33913,3.0
index_33914,5.0
index_33915,3.0
index_33916,2.0
index_33917,5.0
index_33918,3.0
index_33919,5.0
index_33920,2.0
index_33921,3.0
index_33922,1.0
index_33923,2.0
index_33924,3.0
index_33925,3.0
index_33926,2.0
index_33927,4.0
index_33928,5.0
index_33929,2.0
index_33930,2.0
index_33931,5.0
index_33932,4.0
index_33933,5.0
index_33934,1.0
index_33935,3.0
index_33936,2.0
index_33937,1.0
index_33938,3.0
index_33939,5.0
index_33940,3.0
index_33941,5.0
index_33942,1.0
index_33943,4.0
index_33944,3.0
index_33945,2.0
index_33946,3.0
index_33947,4.0
index_33948,1.0
index_33949,4.0
index_33950,5.0
index_33951,5.0
index_33952,1.0
index_33953,2.0
index_33954,5.0
index_33955,1.0
index_33956,5.0
index_33957,3.0
index_33958,2.0
index_33959,3.0
index_33960,4.0
index_33961,5.0
index_33962,5.0
index_33963,2.0
index_33964,3.0
index_33965,2.0
index_33966,1.0
index_33967,1.0
index_33968,1.0
index_33969,2.0
index_33970,2.0
index_33971,1.0
index_33972,4.0
index_33973,2.0
index_33974,5.0
index_33975,1.0
index_33976,3.0
index_33977,2.0
index_33978,4.0
index_33979,2.0
index_33980,1.0
index_33981,2.0
index_33982,2.0
index_33983,5.0
index_33984,2.0
index_33985,5.0
index_33986,1.0
index_33987,2.0
index_33988,5.0
index_33989,5.0
index_33990,5.0
index_33991,3.0
index_33992,1.0
index_33993,5.0
index_33994,3.0
index_33995,2.0
index_33996,1.0
index_33997,3.0
index_33998,2.0
index_33999,3.0
index_34000,1.0
index_34001,1.0
index_34002,3.0
index_34003,3.0
index_34004,3.0
index_34005,1.0
index_34006,2.0
index_34007,3.0
index_34008,4.0
index_34009,2.0
index_34010,3.0
index_34011,4.0
index_34012,2.0
index_34013,3.0
index_34014,3.0
index_34015,3.0
index_34016,5.0
index_34017,2.0
index_34018,4.0
index_34019,4.0
index_34020,5.0
index_34021,1.0
index_34022,4.0
index_34023,3.0
index_34024,3.0
index_34025,5.0
index_34026,4.0
index_34027,1.0
index_34028,5.0
index_34029,2.0
index_34030,1.0
index_34031,4.0
index_34032,3.0
index_34033,5.0
index_34034,5.0
index_34035,4.0
index_34036,1.0
index_34037,1.0
index_34038,1.0
index_34039,5.0
index_34040,2.0
index_34041,1.0
index_34042,5.0
index_34043,1.0
index_34044,4.0
index_34045,3.0
index_34046,4.0
index_34047,4.0
index_34048,5.0
index_34049,4.0
index_34050,3.0
index_34051,3.0
index_34052,4.0
index_34053,5.0
index_34054,1.0
index_34055,3.0
index_34056,5.0
index_34057,1.0
index_34058,3.0
index_34059,5.0
index_34060,3.0
index_34061,1.0
index_34062,3.0
index_34063,4.0
index_34064,5.0
index_34065,3.0
index_34066,1.0
index_34067,2.0
index_34068,2.0
index_34069,1.0
index_34070,5.0
index_34071,3.0
index_34072,5.0
index_34073,5.0
index_34074,5.0
index_34075,3.0
index_34076,4.0
index_34077,1.0
index_34078,3.0
index_34079,5.0
index_34080,3.0
index_34081,1.0
index_34082,4.0
index_34083,4.0
index_34084,1.0
index_34085,4.0
index_34086,2.0
index_34087,5.0
index_34088,4.0
index_34089,2.0
index_34090,1.0
index_34091,2.0
index_34092,1.0
index_34093,5.0
index_34094,2.0
index_34095,5.0
index_34096,3.0
index_34097,3.0
index_34098,1.0
index_34099,5.0
index_34100,1.0
index_34101,4.0
index_34102,1.0
index_34103,2.0
index_34104,2.0
index_34105,2.0
index_34106,5.0
index_34107,4.0
index_34108,4.0
index_34109,5.0
index_34110,3.0
index_34111,3.0
index_34112,4.0
index_34113,5.0
index_34114,3.0
index_34115,3.0
index_34116,2.0
index_34117,3.0
index_34118,3.0
index_34119,5.0
index_34120,2.0
index_34121,4.0
index_34122,4.0
index_34123,4.0
index_34124,3.0
index_34125,3.0
index_34126,3.0
index_34127,3.0
index_34128,3.0
index_34129,3.0
index_34130,5.0
index_34131,5.0
index_34132,2.0
index_34133,4.0
index_34134,5.0
index_34135,4.0
index_34136,2.0
index_34137,1.0
index_34138,5.0
index_34139,3.0
index_34140,4.0
index_34141,4.0
index_34142,3.0
index_34143,5.0
index_34144,4.0
index_34145,4.0
index_34146,3.0
index_34147,2.0
index_34148,1.0
index_34149,3.0
index_34150,1.0
index_34151,2.0
index_34152,1.0
index_34153,1.0
index_34154,1.0
index_34155,3.0
index_34156,4.0
index_34157,2.0
index_34158,1.0
index_34159,4.0
index_34160,5.0
index_34161,3.0
index_34162,2.0
index_34163,1.0
index_34164,3.0
index_34165,5.0
index_34166,2.0
index_34167,1.0
index_34168,5.0
index_34169,3.0
index_34170,1.0
index_34171,5.0
index_34172,4.0
index_34173,4.0
index_34174,1.0
index_34175,5.0
index_34176,4.0
index_34177,4.0
index_34178,4.0
index_34179,5.0
index_34180,2.0
index_34181,3.0
index_34182,4.0
index_34183,1.0
index_34184,5.0
index_34185,5.0
index_34186,1.0
index_34187,1.0
index_34188,2.0
index_34189,5.0
index_34190,2.0
index_34191,3.0
index_34192,3.0
index_34193,1.0
index_34194,4.0
index_34195,3.0
index_34196,1.0
index_34197,1.0
index_34198,1.0
index_34199,4.0
index_34200,2.0
index_34201,1.0
index_34202,4.0
index_34203,2.0
index_34204,2.0
index_34205,2.0
index_34206,5.0
index_34207,5.0
index_34208,1.0
index_34209,2.0
index_34210,2.0
index_34211,3.0
index_34212,3.0
index_34213,4.0
index_34214,2.0
index_34215,1.0
index_34216,2.0
index_34217,4.0
index_34218,3.0
index_34219,5.0
index_34220,1.0
index_34221,3.0
index_34222,1.0
index_34223,2.0
index_34224,3.0
index_34225,1.0
index_34226,2.0
index_34227,2.0
index_34228,2.0
index_34229,5.0
index_34230,3.0
index_34231,4.0
index_34232,2.0
index_34233,5.0
index_34234,3.0
index_34235,1.0
index_34236,1.0
index_34237,2.0
index_34238,3.0
index_34239,4.0
index_34240,4.0
index_34241,5.0
index_34242,3.0
index_34243,2.0
index_34244,1.0
index_34245,4.0
index_34246,2.0
index_34247,1.0
index_34248,2.0
index_34249,2.0
index_34250,5.0
index_34251,1.0
index_34252,3.0
index_34253,2.0
index_34254,1.0
index_34255,5.0
index_34256,5.0
index_34257,4.0
index_34258,3.0
index_34259,1.0
index_34260,4.0
index_34261,5.0
index_34262,4.0
index_34263,3.0
index_34264,2.0
index_34265,3.0
index_34266,3.0
index_34267,2.0
index_34268,3.0
index_34269,3.0
index_34270,3.0
index_34271,1.0
index_34272,1.0
index_34273,4.0
index_34274,1.0
index_34275,2.0
index_34276,3.0
index_34277,3.0
index_34278,5.0
index_34279,3.0
index_34280,1.0
index_34281,5.0
index_34282,5.0
index_34283,3.0
index_34284,4.0
index_34285,4.0
index_34286,5.0
index_34287,5.0
index_34288,1.0
index_34289,4.0
index_34290,1.0
index_34291,4.0
index_34292,5.0
index_34293,3.0
index_34294,5.0
index_34295,2.0
index_34296,3.0
index_34297,1.0
index_34298,4.0
index_34299,4.0
index_34300,2.0
index_34301,3.0
index_34302,4.0
index_34303,5.0
index_34304,2.0
index_34305,5.0
index_34306,3.0
index_34307,4.0
index_34308,4.0
index_34309,4.0
index_34310,3.0
index_34311,4.0
index_34312,2.0
index_34313,4.0
index_34314,3.0
index_34315,1.0
index_34316,1.0
index_34317,2.0
index_34318,1.0
index_34319,5.0
index_34320,1.0
index_34321,1.0
index_34322,3.0
index_34323,5.0
index_34324,5.0
index_34325,1.0
index_34326,4.0
index_34327,1.0
index_34328,1.0
index_34329,2.0
index_34330,1.0
index_34331,3.0
index_34332,3.0
index_34333,2.0
index_34334,3.0
index_34335,1.0
index_34336,1.0
index_34337,1.0
index_34338,5.0
index_34339,5.0
index_34340,2.0
index_34341,3.0
index_34342,2.0
index_34343,1.0
index_34344,5.0
index_34345,4.0
index_34346,3.0
index_34347,4.0
index_34348,2.0
index_34349,1.0
index_34350,2.0
index_34351,2.0
index_34352,3.0
index_34353,2.0
index_34354,5.0
index_34355,5.0
index_34356,3.0
index_34357,1.0
index_34358,5.0
index_34359,2.0
index_34360,1.0
index_34361,2.0
index_34362,3.0
index_34363,2.0
index_34364,2.0
index_34365,3.0
index_34366,1.0
index_34367,1.0
index_34368,1.0
index_34369,5.0
index_34370,3.0
index_34371,2.0
index_34372,2.0
index_34373,1.0
index_34374,1.0
index_34375,2.0
index_34376,3.0
index_34377,3.0
index_34378,3.0
index_34379,2.0
index_34380,5.0
index_34381,3.0
index_34382,1.0
index_34383,5.0
index_34384,5.0
index_34385,5.0
index_34386,5.0
index_34387,1.0
index_34388,1.0
index_34389,1.0
index_34390,5.0
index_34391,5.0
index_34392,3.0
index_34393,5.0
index_34394,4.0
index_34395,2.0
index_34396,1.0
index_34397,2.0
index_34398,2.0
index_34399,1.0
index_34400,5.0
index_34401,3.0
index_34402,3.0
index_34403,1.0
index_34404,3.0
index_34405,2.0
index_34406,5.0
index_34407,3.0
index_34408,3.0
index_34409,3.0
index_34410,4.0
index_34411,2.0
index_34412,2.0
index_34413,1.0
index_34414,5.0
index_34415,1.0
index_34416,5.0
index_34417,4.0
index_34418,2.0
index_34419,4.0
index_34420,5.0
index_34421,1.0
index_34422,5.0
index_34423,5.0
index_34424,2.0
index_34425,5.0
index_34426,5.0
index_34427,3.0
index_34428,3.0
index_34429,2.0
index_34430,2.0
index_34431,4.0
index_34432,2.0
index_34433,5.0
index_34434,1.0
index_34435,5.0
index_34436,4.0
index_34437,5.0
index_34438,1.0
index_34439,3.0
index_34440,2.0
index_34441,2.0
index_34442,5.0
index_34443,2.0
index_34444,3.0
index_34445,3.0
index_34446,3.0
index_34447,4.0
index_34448,2.0
index_34449,4.0
index_34450,3.0
index_34451,5.0
index_34452,3.0
index_34453,1.0
index_34454,2.0
index_34455,2.0
index_34456,3.0
index_34457,5.0
index_34458,5.0
index_34459,3.0
index_34460,1.0
index_34461,1.0
index_34462,2.0
index_34463,2.0
index_34464,5.0
index_34465,2.0
index_34466,2.0
index_34467,1.0
index_34468,5.0
index_34469,5.0
index_34470,4.0
index_34471,2.0
index_34472,3.0
index_34473,1.0
index_34474,1.0
index_34475,3.0
index_34476,1.0
index_34477,5.0
index_34478,5.0
index_34479,1.0
index_34480,4.0
index_34481,4.0
index_34482,3.0
index_34483,3.0
index_34484,5.0
index_34485,2.0
index_34486,2.0
index_34487,1.0
index_34488,5.0
index_34489,5.0
index_34490,3.0
index_34491,4.0
index_34492,5.0
index_34493,1.0
index_34494,5.0
index_34495,3.0
index_34496,3.0
index_34497,2.0
index_34498,1.0
index_34499,1.0
index_34500,1.0
index_34501,5.0
index_34502,5.0
index_34503,1.0
index_34504,2.0
index_34505,5.0
index_34506,5.0
index_34507,4.0
index_34508,2.0
index_34509,5.0
index_34510,2.0
index_34511,2.0
index_34512,5.0
index_34513,4.0
index_34514,2.0
index_34515,5.0
index_34516,5.0
index_34517,3.0
index_34518,5.0
index_34519,1.0
index_34520,2.0
index_34521,2.0
index_34522,4.0
index_34523,4.0
index_34524,5.0
index_34525,5.0
index_34526,1.0
index_34527,2.0
index_34528,3.0
index_34529,1.0
index_34530,2.0
index_34531,2.0
index_34532,3.0
index_34533,5.0
index_34534,5.0
index_34535,4.0
index_34536,1.0
index_34537,2.0
index_34538,5.0
index_34539,2.0
index_34540,2.0
index_34541,3.0
index_34542,5.0
index_34543,2.0
index_34544,5.0
index_34545,3.0
index_34546,5.0
index_34547,4.0
index_34548,2.0
index_34549,3.0
index_34550,5.0
index_34551,5.0
index_34552,1.0
index_34553,2.0
index_34554,3.0
index_34555,3.0
index_34556,1.0
index_34557,2.0
index_34558,4.0
index_34559,1.0
index_34560,3.0
index_34561,5.0
index_34562,3.0
index_34563,5.0
index_34564,5.0
index_34565,1.0
index_34566,3.0
index_34567,2.0
index_34568,4.0
index_34569,1.0
index_34570,2.0
index_34571,3.0
index_34572,1.0
index_34573,3.0
index_34574,4.0
index_34575,1.0
index_34576,5.0
index_34577,5.0
index_34578,1.0
index_34579,4.0
index_34580,5.0
index_34581,5.0
index_34582,2.0
index_34583,1.0
index_34584,1.0
index_34585,3.0
index_34586,4.0
index_34587,2.0
index_34588,2.0
index_34589,3.0
index_34590,2.0
index_34591,3.0
index_34592,4.0
index_34593,2.0
index_34594,1.0
index_34595,4.0
index_34596,1.0
index_34597,3.0
index_34598,1.0
index_34599,3.0
index_34600,3.0
index_34601,3.0
index_34602,1.0
index_34603,2.0
index_34604,1.0
index_34605,4.0
index_34606,1.0
index_34607,5.0
index_34608,2.0
index_34609,5.0
index_34610,2.0
index_34611,3.0
index_34612,2.0
index_34613,4.0
index_34614,5.0
index_34615,3.0
index_34616,2.0
index_34617,2.0
index_34618,2.0
index_34619,3.0
index_34620,5.0
index_34621,3.0
index_34622,5.0
index_34623,5.0
index_34624,3.0
index_34625,2.0
index_34626,3.0
index_34627,4.0
index_34628,5.0
index_34629,5.0
index_34630,5.0
index_34631,1.0
index_34632,4.0
index_34633,4.0
index_34634,2.0
index_34635,5.0
index_34636,5.0
index_34637,1.0
index_34638,1.0
index_34639,2.0
index_34640,2.0
index_34641,2.0
index_34642,1.0
index_34643,3.0
index_34644,2.0
index_34645,1.0
index_34646,2.0
index_34647,5.0
index_34648,5.0
index_34649,5.0
index_34650,1.0
index_34651,3.0
index_34652,2.0
index_34653,5.0
index_34654,4.0
index_34655,1.0
index_34656,1.0
index_34657,5.0
index_34658,3.0
index_34659,1.0
index_34660,4.0
index_34661,5.0
index_34662,3.0
index_34663,4.0
index_34664,4.0
index_34665,1.0
index_34666,1.0
index_34667,2.0
index_34668,1.0
index_34669,3.0
index_34670,4.0
index_34671,1.0
index_34672,3.0
index_34673,1.0
index_34674,3.0
index_34675,2.0
index_34676,2.0
index_34677,4.0
index_34678,3.0
index_34679,2.0
index_34680,5.0
index_34681,1.0
index_34682,5.0
index_34683,5.0
index_34684,4.0
index_34685,1.0
index_34686,2.0
index_34687,3.0
index_34688,2.0
index_34689,3.0
index_34690,1.0
index_34691,2.0
index_34692,2.0
index_34693,2.0
index_34694,1.0
index_34695,3.0
index_34696,1.0
index_34697,4.0
index_34698,5.0
index_34699,5.0
index_34700,4.0
index_34701,1.0
index_34702,3.0
index_34703,2.0
index_34704,3.0
index_34705,4.0
index_34706,4.0
index_34707,4.0
index_34708,5.0
index_34709,2.0
index_34710,5.0
index_34711,5.0
index_34712,5.0
index_34713,4.0
index_34714,2.0
index_34715,4.0
index_34716,1.0
index_34717,3.0
index_34718,2.0
index_34719,5.0
index_34720,5.0
index_34721,5.0
index_34722,2.0
index_34723,5.0
index_34724,2.0
index_34725,2.0
index_34726,1.0
index_34727,3.0
index_34728,5.0
index_34729,1.0
index_34730,1.0
index_34731,2.0
index_34732,3.0
index_34733,2.0
index_34734,1.0
index_34735,1.0
index_34736,4.0
index_34737,5.0
index_34738,1.0
index_34739,5.0
index_34740,2.0
index_34741,5.0
index_34742,2.0
index_34743,3.0
index_34744,1.0
index_34745,5.0
index_34746,3.0
index_34747,4.0
index_34748,5.0
index_34749,5.0
index_34750,1.0
index_34751,1.0
index_34752,3.0
index_34753,1.0
index_34754,3.0
index_34755,2.0
index_34756,2.0
index_34757,2.0
index_34758,2.0
index_34759,3.0
index_34760,3.0
index_34761,4.0
index_34762,3.0
index_34763,2.0
index_34764,4.0
index_34765,5.0
index_34766,3.0
index_34767,2.0
index_34768,2.0
index_34769,3.0
index_34770,5.0
index_34771,5.0
index_34772,4.0
index_34773,5.0
index_34774,5.0
index_34775,5.0
index_34776,1.0
index_34777,2.0
index_34778,1.0
index_34779,4.0
index_34780,4.0
index_34781,1.0
index_34782,4.0
index_34783,4.0
index_34784,5.0
index_34785,4.0
index_34786,5.0
index_34787,1.0
index_34788,1.0
index_34789,3.0
index_34790,2.0
index_34791,3.0
index_34792,4.0
index_34793,1.0
index_34794,5.0
index_34795,1.0
index_34796,4.0
index_34797,5.0
index_34798,1.0
index_34799,4.0
index_34800,5.0
index_34801,5.0
index_34802,3.0
index_34803,5.0
index_34804,1.0
index_34805,4.0
index_34806,5.0
index_34807,5.0
index_34808,4.0
index_34809,5.0
index_34810,1.0
index_34811,5.0
index_34812,3.0
index_34813,1.0
index_34814,3.0
index_34815,2.0
index_34816,2.0
index_34817,3.0
index_34818,3.0
index_34819,3.0
index_34820,1.0
index_34821,5.0
index_34822,2.0
index_34823,2.0
index_34824,4.0
index_34825,5.0
index_34826,4.0
index_34827,2.0
index_34828,3.0
index_34829,1.0
index_34830,1.0
index_34831,1.0
index_34832,2.0
index_34833,1.0
index_34834,1.0
index_34835,3.0
index_34836,2.0
index_34837,2.0
index_34838,2.0
index_34839,2.0
index_34840,2.0
index_34841,5.0
index_34842,3.0
index_34843,3.0
index_34844,1.0
index_34845,5.0
index_34846,1.0
index_34847,3.0
index_34848,2.0
index_34849,1.0
index_34850,4.0
index_34851,5.0
index_34852,1.0
index_34853,3.0
index_34854,1.0
index_34855,3.0
index_34856,3.0
index_34857,5.0
index_34858,4.0
index_34859,3.0
index_34860,2.0
index_34861,5.0
index_34862,4.0
index_34863,3.0
index_34864,3.0
index_34865,4.0
index_34866,3.0
index_34867,5.0
index_34868,4.0
index_34869,5.0
index_34870,1.0
index_34871,1.0
index_34872,1.0
index_34873,2.0
index_34874,3.0
index_34875,1.0
index_34876,4.0
index_34877,5.0
index_34878,1.0
index_34879,3.0
index_34880,5.0
index_34881,5.0
index_34882,5.0
index_34883,5.0
index_34884,4.0
index_34885,1.0
index_34886,5.0
index_34887,3.0
index_34888,3.0
index_34889,5.0
index_34890,1.0
index_34891,2.0
index_34892,2.0
index_34893,5.0
index_34894,5.0
index_34895,1.0
index_34896,2.0
index_34897,4.0
index_34898,5.0
index_34899,4.0
index_34900,1.0
index_34901,3.0
index_34902,3.0
index_34903,1.0
index_34904,3.0
index_34905,4.0
index_34906,2.0
index_34907,2.0
index_34908,5.0
index_34909,1.0
index_34910,4.0
index_34911,1.0
index_34912,1.0
index_34913,2.0
index_34914,2.0
index_34915,1.0
index_34916,2.0
index_34917,4.0
index_34918,4.0
index_34919,5.0
index_34920,5.0
index_34921,2.0
index_34922,1.0
index_34923,5.0
index_34924,5.0
index_34925,5.0
index_34926,1.0
index_34927,2.0
index_34928,4.0
index_34929,3.0
index_34930,1.0
index_34931,1.0
index_34932,5.0
index_34933,5.0
index_34934,2.0
index_34935,3.0
index_34936,5.0
index_34937,3.0
index_34938,5.0
index_34939,5.0
index_34940,3.0
index_34941,5.0
index_34942,5.0
index_34943,3.0
index_34944,5.0
index_34945,3.0
index_34946,5.0
index_34947,1.0
index_34948,2.0
index_34949,3.0
index_34950,1.0
index_34951,3.0
index_34952,1.0
index_34953,5.0
index_34954,1.0
index_34955,4.0
index_34956,3.0
index_34957,2.0
index_34958,4.0
index_34959,2.0
index_34960,4.0
index_34961,5.0
index_34962,2.0
index_34963,2.0
index_34964,5.0
index_34965,1.0
index_34966,4.0
index_34967,1.0
index_34968,2.0
index_34969,5.0
index_34970,5.0
index_34971,3.0
index_34972,3.0
index_34973,1.0
index_34974,1.0
index_34975,4.0
index_34976,3.0
index_34977,2.0
index_34978,1.0
index_34979,5.0
index_34980,5.0
index_34981,1.0
index_34982,5.0
index_34983,4.0
index_34984,2.0
index_34985,5.0
index_34986,4.0
index_34987,3.0
index_34988,5.0
index_34989,1.0
index_34990,1.0
index_34991,5.0
index_34992,1.0
index_34993,3.0
index_34994,1.0
index_34995,1.0
index_34996,2.0
index_34997,1.0
index_34998,1.0
index_34999,2.0
